   9.3590597963102995e-01   6.4990278991406780e-01   8.9525525934532046e-01   7.0461959025842957e-01   4.6692212879123823e-01   5.2209652734252976e-01
   4.8234428796616580e-01   9.0007147245709129e-02   4.9442603520677469e-01   4.0252710098345013e-01   6.1009417529892529e-01   9.1392465320382898e-01
   9.6536932156882915e-01   3.4308903205940844e-01   9.4122306024967584e-01   5.1845037330345101e-01   4.6137584596992876e-01   7.0957503382126230e-01
   2.0410886538802267e-01   1.6721413875419169e-01   3.9999553245088582e-01   4.3483620403753470e-01   7.8884548817616973e-01   8.4601842660664761e-01
   4.5427235519489462e-01   8.0983702321671314e-01   4.8169407765669287e-01   8.2682436978581531e-01   6.2395957707912353e-01   4.4493057366794797e-01
   2.0295458306574168e-01   4.4312602284434099e-01   3.9972260914044044e-01   5.7299747027461034e-01   7.8981353703345825e-01   6.4202629200986738e-01
   7.9781023182466848e-01   5.6346033775213022e-01   7.2121828681514077e-01   6.4626886490198032e-01   4.9775308221702930e-01   5.6923590343043773e-01
   8.6071211378716628e-01   5.1417510256654297e-01   7.9280030490404940e-01   6.1518951914665720e-01   4.8265111804924987e-01   5.9799367466750075e-01
   5.2102959797910131e-02   3.4365797067094905e-01   3.6985194926192522e-01   5.1874542366380338e-01   9.3765503404425299e-01   7.0917144400653709e-01
   3.6965225780651989e-01   9.0600979322676178e-01   4.4828071353928556e-01   9.1029167688992640e-01   6.7079088941638632e-01   4.0413358763020607e-01
   6.2363654978507577e-01   8.7461764273945286e-01   5.7410057065935050e-01   8.8215953798749358e-01   5.5099089385655131e-01   4.1702144037426681e-01
   3.5534384755598081e-01   8.2955507280563978e-01   4.4329102554204036e-01   8.4328953067020307e-01   6.7952291379827345e-01   4.3624333967370693e-01
   4.7284135160284813e-01   6.5165417805828352e-01   4.9001568006040513e-01   7.0585473394727771e-01   6.1470101446254122e-01   5.2118293393626269e-01
   6.4583358937110802e-01   4.2208448118784947e-01   5.8941319014945481e-01   5.6106668141974958e-01   5.4313171109593972e-01   6.5567864454282476e-01
   8.9504928701497510e-01   2.0385646100401064e-01   8.3710191231159237e-01   4.5106512932028420e-01   4.7517453890108918e-01   8.1557943023838830e-01
   3.7332137921805730e-01   2.8803687056290017e-01   4.4958886655580993e-01   4.9067998301289717e-01   6.6859169182271461e-01   7.4973394861671561e-01
   4.6460097943416234e-01   1.7721409037215527e-01   4.8627515522547055e-01   4.3920635929265878e-01   6.1876728486454757e-01   8.3760044313545845e-01
   6.1631289716881532e-01   4.1931083039042660e-01   5.6923492244597740e-01   5.5951263455937050e-01   5.5366143307933091e-01   6.5749979258494518e-01
   6.3363190544250214e-01   5.5311633344694439e-02   5.8088900353449080e-01   3.8880071529178284e-01   5.4740868192453085e-01   9.4619023757546394e-01
   1.9812197663901024e-01   6.5489759388105762e-01   3.9858820913382387e-01   7.0814783108347668e-01   7.9389079627670411e-01   5.1949525935648400e-01
   6.4714991672744349e-01   8.9797576680976432e-02   5.9034870340065293e-01   4.0244275199041857e-01   5.4267651453140964e-01   9.1411620498062995e-01
   9.2438253020714767e-01   6.0204035344560203e-01   8.7821985871053732e-01   6.7168913208598080e-01   4.6918182273789211e-01   5.4769300796778597e-01
   4.0068833541931737e-01   1.0497878888922185e-01   4.5972957646334445e-01   4.0859893171172679e-01   6.5268781132642595e-01   9.0034361967198495e-01
   1.5743092135609685e-01   5.4946507435009639e-01   3.8954383042923785e-01   6.3728715917930323e-01   8.2983051533806473e-01   5.7725851819326868e-01
   3.2946697969309791e-01   2.5498363913863054e-01   4.3470201540259418e-01   4.7472653294138134e-01   6.9596364606141026e-01   7.7492917636619152e-01
   4.9238035188534357e-01   9.8831645403267354e-01   4.9919905436705786e-01   9.8838444161956485e-01   6.0532301814393219e-01   3.7220278434233123e-01
   1.6290728369378207e-01   2.6385914602663862e-01   3.9070999861529437e-01   4.7895872519777510e-01   8.2482159902018481e-01   7.6808171939979775e-01
   5.4640829573296690e-01   3.0942111274857687e-02   5.2706423712056916e-01   3.7944034479260558e-01   5.8122063019721015e-01   9.6953169640544623e-01
   2.7158954390572443e-01   7.7008250943592316e-02   4.1735637723025970e-01   3.9732855382691462e-01   7.3596610930042594e-01   9.2588221417305694e-01
   8.7095502316627527e-01   4.6738907101522997e-01   8.0560368261447490e-01   5.8707016840289883e-01   4.8036684514824562e-01   6.2663623698040016e-01
   6.7716511687041347e-01   7.1686072921670341e-01   6.1255484018486139e-01   7.5341485187606050e-01   5.3261567353050943e-01   4.8828270408446878e-01
   4.4789556919157092e-01   7.3001440960205222e-01   4.7892411910236959e-01   7.6339049441083451e-01   6.2721921063534281e-01   4.8190204602346060e-01
   2.2576594437537786e-01   6.3354407104214905e-01   4.0526029991712514e-01   6.9318668526901517e-01   7.7109083812180979e-01   5.3070759867332695e-01
   6.1762851014352993e-01   7.0156727523612727e-01   5.7010232956003115e-01   7.4198019706401674e-01   5.5317881356963738e-01   4.9580762751772245e-01
   2.5616727429361197e-01   4.6384974823555769e-01   4.1313380681827550e-01   5.8499601030532022e-01   7.4743005652664052e-01   6.2885803439828458e-01
   4.2568682923349421e-01   3.6105074059478071e-01   4.6961327228112676e-01   5.2784676278041642e-01   6.3890177411226245e-01   6.9694363423514949e-01
   7.9680939152447561e-01   1.6430494300433149e-01   7.2017094636685219e-01   4.3357301871844967e-01   4.9800905918994387e-01   8.4848324339650172e-01
   7.2475364768692829e-01   4.0308549517644376e-01   6.5144690157747775e-01   5.5050760685926892e-01   5.1785211097497175e-01   6.6825496430512821e-01
   2.6630509663997204e-01   7.7686476660033676e-01   4.1589159151856009e-01   8.0000665435931240e-01   7.3985447819745065e-01   4.5984547649301694e-01
   9.8642483283008786e-02   6.1432671047466636e-01   3.7794524877023838e-01   6.7999265011464416e-01   8.8720269250979367e-01   5.4100502572993880e-01
   7.0089280883394012e-01   4.6255300402221478e-02   6.3135437414386641e-01   3.8529550270918744e-01   5.2507892823263702e-01   9.5479817071498407e-01
   3.1670191555079585e-01   7.3814721896942470e-01   4.3066215774845096e-01   7.6962431866682590e-01   7.0439267908549685e-01   4.7799872255686754e-01
   7.0166650817379828e-01   4.9432130171324684e-01   6.3198679751660469e-01   6.0309611619231029e-01   5.2483914487191163e-01   6.0998476245225230e-01
   3.3123534131351773e-01   1.2125340180767721e-01   4.3527171957388416e-01   4.1530312728435953e-01   6.9481283910114056e-01   8.8580946543066585e-01
   6.7942567419296196e-01   9.5026234014613442e-01   6.1429714835099125e-01   9.5147900290273069e-01   5.3188212889658182e-01   3.8663957906494179e-01
   4.9871266477081877e-01   4.9440591492974517e-01   5.0227291715966260e-01   6.0314714825352189e-01   6.0236153281882421e-01   6.0993315186298602e-01
   7.0762138760276572e-01   9.3734144995173518e-02   6.3689649114825875e-01   4.0403011771309266e-01   5.2300598590359637e-01   9.1052479764065153e-01
   3.5039180951307791e-01   6.2230187858193386e-01   4.4160473571841796e-01   6.8543738830361134e-01   6.8260368319120002e-01   5.3670757891090093e-01
   5.8031942743209275e-01   5.7535544428192742e-01   5.4659199763347255e-01   6.5400220516540797e-01   5.6737016278203578e-01   5.6250489412096027e-01
   5.6377601448015158e-01   8.7299258169879446e-01   5.3685663582833676e-01   8.8072713907372557e-01   5.7400975073556004e-01   4.1769967660852014e-01
   9.9014256699066272e-02   6.7798873872348508e-01   3.7801358483776198e-01   7.2469002934914339e-01   8.8681827102161759e-01   5.0763695686808497e-01
   4.8078552738608094e-01   6.7879954303046863e-01   4.9369540383398414e-01   7.2527784941748630e-01   6.1084384191445817e-01   5.0722552945317179e-01
   1.7868606796380523e-01   6.8702380446639399e-01   3.9415735755188508e-01   7.3126731979003534e-01   8.1069264548790643e-01   5.0307108114317134e-01
   3.7837303321326254e-01   6.1486809878988635e-02   4.5140944631679697e-01   3.9120905665885491e-01   6.6559011644964261e-01   9.4036534919037773e-01
   2.3474169931636615e-01   4.0185486607138021e-01   4.0752466171546270e-01   5.4983055286233318e-01   7.6395489409533934e-01   6.6907784454013808e-01
   5.1762063713027340e-01   5.9863584283385030e-01   5.1174714637836183e-01   6.6940624756530098e-01   5.9373863109714342e-01   5.4956081230113618e-01
   3.0049067478365832e-01   3.8427613581931486e-01   4.2571071433826035e-01   5.4024968633875126e-01   7.1541219425335545e-01   6.8094336836092473e-01
   9.1137376342983345e-01   2.6622391582636074e-01   8.5959553978412240e-01   4.8009269258390891e-01   4.7179615085285764e-01   7.6626752886297189e-01
   2.6589674034296806e-01   4.1873355750814401e-01   4.1577918409889192e-01   5.5918973629731705e-01   7.4015666639139943e-01   6.5787945896031885e-01
   8.2117897107692706e-01   3.8921941897908574e-01   7.4645959029625975e-01   5.4292690518901121e-01   4.9191960806359986e-01   6.7758557856581270e-01
   7.6314137889324019e-01   1.1709283100962578e-01   6.8647007995685261e-01   4.1357881876184810e-01   5.0692551085844917e-01   8.8950261590470625e-01
   1.0541268597162787e-01   5.1141556660075760e-01   3.7919925168335483e-01   6.1349422173569967e-01   8.8024675775544703e-01   5.9964613868837546e-01
   5.9632179170217103e-01   1.5141875789065476e-01   5.5640443006630735e-01   4.2802176062571029e-01   5.6115339788178942e-01   8.5948770603076818e-01
   9.9382827382051953e-02   3.3181176216465447e-01   3.7808139215259662e-01   5.1263651237166419e-01   8.8643744327454499e-01   7.1762239382732018e-01
   2.0111424286056986e-01   7.1345060866405352e-01   3.9928904531181997e-01   7.5084999213101755e-01   7.9136158368002962e-01   4.8995064929993387e-01
   2.7469006727020040e-01   9.3830954429750502e-01   4.1822463993932474e-01   9.4017386721235929e-01   7.3370375807777344e-01   3.9128873286194898e-01
   6.9257313377702456e-01   3.5950228398554496e-01   6.2463241080162635e-01   5.2703004745923165e-01   5.2768092857821447e-01   6.9802365718038040e-01
   9.3878623745319845e-01   7.1203821053204852e-01   8.9959407533426317e-01   7.4979024157574004e-01   4.6636541237834112e-01   4.9064314360549199e-01
   6.9432249962809789e-01   6.3774939967728139e-01   6.2603397096652857e-01   6.9610790111730836e-01   5.2713020928588272e-01   5.2848048496643507e-01
   5.1283364630305983e-01   4.3201254771148001e-01   5.0930587189352705e-01   5.6666473168317466e-01   5.9589098751649805e-01   6.4920123064430579e-01
   1.7661241232662364e-01   4.3381638498944186e-01   3.9369678269748981e-01   5.6768782511991678e-01   8.1252413030873383e-01   6.4803123282366060e-01
   8.6824261227403621e-01   1.9391223778079283e-01   8.0217995893497762e-01   4.4660186561147586e-01   4.8096719253058318e-01   8.2373019348620768e-01
   1.0655253366144421e-01   4.4172278941155874e-01   3.7941238206140082e-01   5.7219398493800777e-01   8.7908487545137237e-01   6.4292783715875457e-01
   5.5081132937413779e-01   1.6274173987559196e-01   5.2950636589390399e-01   4.3289578548351532e-01   5.7936877287349176e-01   8.4981063227618603e-01
   8.3076443406590028e-01   2.8650418997818261e-01   7.5726306560768641e-01   4.8992850336586519e-01   4.8960455801142644e-01   7.5088393233720485e-01
   3.5574367404038265e-01   9.3424147418788672e-01   4.4342807631050429e-01   9.3635694302682027e-01   6.7927550181638852e-01   3.9288376501193423e-01
   6.7174267603213744e-01   4.0252293288923913e-01   6.0841630527484392e-01   5.5019799913581047e-01   5.3438881866480759e-01   6.6863100510955364e-01
   6.2535270887422356e-01   1.3624984991670874e-01   5.7525388946834888e-01   4.2157813287989626e-01   5.5037074041225731e-01   8.7262458007101573e-01
   7.4098774771347620e-01   7.5356144240889666e-01   6.6583749601987208e-01   7.8157938218172274e-01   5.1312871409186323e-01   4.7068723863279671e-01
   6.4911955698856505e-01   8.1847026402395040e-01   5.9175439487504022e-01   8.3399344532563990e-01   5.4199763133464918e-01   4.4110591424108930e-01
   9.5839008425562244e-01   5.0575003845663369e-01   9.3001119368260965e-01   6.1002828042110135e-01   4.6266025675063682e-01   6.0305309274759500e-01
   7.2760550966035442e-01   8.7272822987123311e-01   6.5393167236924221e-01   8.8049434801565507e-01   5.1701120377999454e-01   4.1781011087751069e-01
   3.7913828644783887e-01   6.7439876731379744e-01   4.5168722582193976e-01   7.2209307714408166e-01   6.6513805989018659e-01   5.0946263413357451e-01
   8.0986495821006088e-01   6.2365542218179226e-01   7.3404832769800377e-01   6.8636578586520058e-01   4.9470985795948147e-01   5.3598161322640914e-01
   6.7408268336708377e-01   9.9124073225796694e-02   6.1019522840435292e-01   4.0621369041434519e-01   5.3362127404286597e-01   9.0563033657531034e-01
   6.2125474741818276e-01   5.2915222115689464e-01   5.7250822347593211e-01   6.2447262912291723e-01   5.5185511971625134e-01   5.8910418810210385e-01
   7.3681656201636181e-01   7.9393580441512623e-01   6.6208250219703535e-01   8.1378083346949603e-01   5.1432774139366089e-01   4.5206206148038014e-01
   4.4126802978853785e-01   6.7824955351336658e-01   4.7609149977531318e-01   7.2487906387730605e-01   6.3065136804971733e-01   5.0750457490618062e-01
   5.8364211243832453e-01   6.7632636601255258e-01   5.4859687258321843e-01   7.2348632520013445e-01   5.6606291340959503e-01   5.0848154050413830e-01
   4.0853779964277481e-01   6.8353984740498669e-02   4.6276726076871927e-01   3.9390480314574511e-01   6.4828456912923826e-01   9.3392981815285614e-01
   7.0837340452087627e-01   5.2483583309860549e-01   6.3752185873146250e-01   6.2178297190195919e-01   5.2277603269570416e-01   5.9165248614985944e-01
   1.2335009269897473e-01   7.5416402350802558e-01   3.8262156993424723e-01   7.8205048907069274e-01   8.6226620339824478e-01   4.7040369683623867e-01
   4.0907569155133661e-01   8.6024039523686280e-01   4.6297759363862090e-01   8.6956725009978586e-01   6.4798535606635621e-01   4.2306036839499983e-01
   5.8631026923960228e-01   2.5530567651847724e-01   5.5021905285212414e-01   4.7487943724932341e-01   5.6501944682643768e-01   7.7467966038356084e-01
   8.8894270067018388e-01   5.8730266282331500e-01   8.2893077537197757e-01   6.6186257371122326e-01   4.7646692973892874e-01   5.5582451068150518e-01
   2.9100525540109068e-01   6.6004041215635045e-01   4.2290345044129535e-01   7.1179908751739784e-01   7.2202750388529191e-01   5.1683044783679999e-01
   4.2383372730625513e-01   1.8805502628969115e-01   4.6885937200843508e-01   4.4399366986590894e-01   6.3990022799788093e-01   8.2856911289421320e-01
   4.8948320843393267e-01   8.8365973742181525e-01   4.9780887999495127e-01   8.9017227944533472e-01   6.0669050520611167e-01   4.1326768948665482e-01
   2.1712132838892814e-01   4.6750554881392303e-01   4.0312561933240426e-01   5.8713855302636064e-01   7.7808568418307167e-01   6.2656325202158158e-01
   4.8236562267803529e-01   9.1812451479039325e-01   4.9443605511142436e-01   9.2138667782314676e-01   6.1008393083738643e-01   3.9926715897454512e-01
   6.3410652297029624e-01   3.8590406382461173e-01   5.8121565307988865e-01   5.4112989019285784e-01   5.4724035928599579e-01   6.7983574339301545e-01
   1.5235985306644032e-01   7.1560161168528069e-01   3.8847758911195462e-01   7.5246681100032287e-01   8.3451790914218593e-01   4.8889789661604688e-01
   2.8482170735518364e-01   3.2627013963034501e-01   4.2110816346573082e-01   5.0980353122883393e-01   7.2640809360749659e-01   7.2161022557984889e-01
   1.7193270100882960e-01   6.3727996895277139e-01   3.9266581050825466e-01   6.9578120336792970e-01   8.1668534357114564e-01   5.2872862818185007e-01
   4.8162354130399349e-02   4.2716500872130436e-01   3.6920694349329519e-01   5.6392444948046583e-01   9.4214651925656601e-01   6.5235589893356005e-01
   6.9706478252285853e-01   1.8211516978638795e-01   6.2824370179859146e-01   4.4136422816270021e-01   5.2627077727557570e-01   8.3350534025569201e-01
   6.6455338839827660e-01   1.5515569482754774e-01   6.0301684750611584e-01   4.2962424327624188e-01   5.3676957056038788e-01   8.5628184844983579e-01
   4.3338144995288697e-01   8.7694764989237350e-01   4.7278110269376472e-01   8.8421737247457166e-01   6.3479525890885247e-01   4.1605090854740223e-01
   2.6184644137723179e-01   5.7140969094079519e-01   4.1467030687609413e-01   6.5142675816000239e-01   7.4316733435960880e-01   5.6472878426201278e-01
   4.7110772265221934e-01   2.4347688904455683e-02   4.8922233229766393e-01   3.7694638703784178e-01   6.1555092857262550e-01   9.7594632505261503e-01
   4.4072028263392515e-01   7.6293413652790809e-01   4.7585947680446805e-01   7.8893932402321387e-01   6.3093706660210436e-01   4.6629624100296180e-01
   8.8083292424528348e-01   7.5698807711343918e-01   8.1827832040496529e-01   7.8426216304700880e-01   4.7820785609021083e-01   4.6907712561595499e-01
   9.0402622993307891e-01   2.3489957885768473e-01   8.4935262214573026e-01   4.6528720395563650e-01   4.7330309733101639e-01   7.9065024364288850e-01
   5.8778316303398609e-02   5.2087672378523386e-01   3.7095845560115093e-01   6.1932613180541374e-01   9.3012680006118686e-01   5.9399954608572281e-01
   7.1203764992130580e-01   5.5810615813992159e-01   6.4058629842481929e-01   6.4281787218314435e-01   5.2166050749618420e-01   5.7229186849153169e-01
   3.1920829575598431e-01   6.2202882787873581e-01   4.3144541267090120e-01   6.8525025469238154e-01   7.0272064296170988e-01   5.3685414730212477e-01
   7.8645487425004779e-01   8.6446077900010398e-01   7.0949282132583813e-01   8.7324491271818894e-01   5.0068764293255652e-01   4.2127865368986500e-01
   3.8812840413779426e-01   4.5700702869308851e-01   4.5499021804666595e-01   5.8100671106710478e-01   6.5987883087831700e-01   6.3317588964812010e-01
   6.4022802493312592e-01   3.0992985176522203e-01   5.8546422834622203e-01   5.0154088562424626e-01   5.4508363420770412e-01   7.3349840803817756e-01
   6.6141582663930343e-01   9.0269873646250198e-01   6.0069126902725356e-01   9.0728263378101592e-01   5.3781936055080659e-01   4.0547391460402915e-01
   2.3506488168274883e-01   5.8277568331040508e-01   4.0760711701684638e-01   6.5887310713204517e-01   7.6370033782245694e-01   5.5834642086509589e-01
   2.0510301714266702e-01   9.8116170467902997e-02   4.0023120584886562e-01   4.0580447277591813e-01   7.8801352359531440e-01   9.0654358404418656e-01
   4.5866014757334594e-01   3.4959934881549481e-01   4.8362579247549992e-01   5.2183666039634768e-01   6.2174068356956336e-01   7.0497048040286947e-01
   5.8249776422527016e-02   6.5496969822987383e-01   3.7087020358349387e-01   7.0819889346259024e-01   9.3071921182361972e-01   5.1945780283950005e-01
   5.2255279224090578e-01   6.5739726207901428e-01   5.1429333511089403e-01   7.0992017991544021e-01   5.9154245352809687e-01   5.1819831521800241e-01
   7.5768940763139270e-01   4.3817935557356580e-01   6.8128278204718651e-01   5.7017004138262883e-01   5.0842670837074189e-01   6.4521005046030888e-01
   2.2687277642873696e-01   8.5017569309392804e-01   4.0553686608300932e-01   8.6085921015737665e-01   7.7020393973965628e-01   4.2733984469329078e-01
   6.6432786016305378e-01   2.4781777014452935e-01   6.0284906324474297e-01   4.7133686426399130e-01   5.3684481002160989e-01   7.8050216111548731e-01
   5.5500714700359144e-01   3.5651261552263791e-01   5.3185891528596341e-01   5.2545675533012470e-01   5.7761917774614080e-01   7.0011363911444535e-01
   9.7013088883813003e-01   4.3420679558333208e-01   9.4899102511537226e-01   5.6790949973010851e-01   4.6050979181549473e-01   6.4777828394536829e-01
   1.6114747658233350e-01   1.8140025820411224e-01   3.9033357714100653e-01   4.4104880452742401e-01   8.2642521599009999e-01   8.3410143592979158e-01
   3.2690523646527503e-01   7.7286849820095382e-01   4.3388109034468347e-01   7.9681599266373437e-01   6.9763800199434300e-01   4.6168681923869431e-01
   8.7216454807544508e-01   4.0937538181979582e-01   8.0713820625188537e-01   5.5398114994697290e-01   4.8010018491377182e-01   6.6406490763567638e-01
   3.0970008114668512e-01   5.3983925357089746e-01   4.2849940440098344e-01   6.3118217707072277e-01   7.0910834466211670e-01   5.8284193460396483e-01
   8.4305382411046825e-01   3.6027996080265390e-01   7.7151273702010170e-01   5.2744006591932169e-01   4.8670065724132849e-01   6.9748103138549555e-01
   4.9269870870308141e-01   5.3160286211437924e-01   4.9935243155828984e-01   6.2600486403665423e-01   6.0517323245989263e-01   5.8766227278052263e-01
   4.9598755073795864e-01   4.0069470759329451e-01   5.0094409993021838e-01   5.4919303216894488e-01   6.0363141359282335e-01   6.6985453132674455e-01
   1.7112547226862126e-01   2.9903736797041336e-01   3.9248914612905561e-01   4.9610750488172140e-01   8.1740708051550515e-01   7.4153169938267638e-01
   7.8876985363669327e-01   5.3312988801917216e-01   7.1185542461267615e-01   6.2696151991382298e-01   5.0008396311832537e-01   5.8676558207592711e-01
   4.8256756463744055e-01   7.8118166976263814e-01   4.9453092418312028e-01   8.0346767067666425e-01   6.0998698437743226e-01   4.5786464670273752e-01
   7.4326213276013942e-01   5.4702404345852773e-01   6.6790197136397500e-01   6.3573341867274746e-01   5.1247913299529502e-01   5.7866934530433012e-01
   7.8609811111265249e-01   2.0965914466025018e-01   7.0912997308529169e-01   4.5369012622185123e-01   5.0078092527532303e-01   8.1086058503188996e-01
   2.0440129462800324e-01   4.0309618920049939e-01   4.0006479679013901e-01   5.5051349403233829e-01   7.8860059446167985e-01   6.6824781800867605e-01
   2.1362098205494026e-01   2.9779263898173280e-01   4.0227390111447675e-01   4.9549036965162846e-01   7.8095259009499673e-01   7.4245528006950490e-01
   8.0638154568544040e-01   1.2947079881553700e-01   7.3029969097904135e-01   4.1872989824570378e-01   4.9558172326186600e-01   8.7856024304139080e-01
   7.8032444648724408e-01   7.9215246152626162e-01   7.0330405575937549e-01   8.1233087647655644e-01   5.0229984855497745e-01   4.5286896241972308e-01
   4.6510719307044124e-01   4.2535125600503199e-01   4.8650272684048135e-01   5.6290255698873282e-01   6.1851555353216603e-01   6.5354018489350352e-01
   5.0989293516082568e-01   4.6906032437593248e-01   5.0782064456806864e-01   5.8805213172099891e-01   5.9722346238705482e-01   6.2558984370110671e-01
   8.0317509313166335e-01   6.9894352847208419e-01   7.2687883185583269e-01   7.4003598060414832e-01   4.9638965476153751e-01   4.9711020925106109e-01
   1.8221648467452842e-01   7.7925622789832472e-01   3.9494681220920108e-01   8.0192212878993252e-01   8.0759194776530618e-01   4.5874708773351502e-01
   1.9932532293206054e-01   6.1783531446099171e-01   3.9886944213734632e-01   6.8238266539426007e-01   7.9287184807935129e-01   5.3911017941654871e-01
   4.8994477773583855e-01   7.3409125613946746e-01   4.9802968614512444e-01   7.6650907296835979e-01   6.0647210788460904e-01   4.7994140466831470e-01
   8.4213046291020033e-01   2.2377799793575873e-01   7.7042623177393688e-01   4.6014114386946314e-01   4.8691637007877253e-01   7.9949260367772190e-01
   3.0109407023547385e-01   5.7515819122670764e-01   4.2589150779299789e-01   6.5387321395469200e-01   7.1499560537771811e-01   5.6261586087380744e-01
   5.6802355220106804e-01   9.4123399547921294e-01   5.3931751993333965e-01   9.4292738408974774e-01   5.7228401302653809e-01   3.9014609966659697e-01
   4.8271813794343854e-01   3.2839134350428423e-01   4.9460169228415590e-01   5.1088607619760540e-01   6.0991472399119517e-01   7.2008116547132206e-01
   5.7970859177443290e-01   2.1478117994955495e-01   5.4622525489063134e-01   4.5601990456869973e-01   5.6761143159399263e-01   8.0671794692685617e-01
   7.2198936182075646e-01   3.7470536399209986e-01   6.4905572844039028e-01   5.3510374445935016e-01   5.1867178570375705e-01   6.8749180879519856e-01
   2.2910643263146521e-01   7.0385612001311992e-01   4.0609726203009983e-01   7.4368041959316467e-01   7.6842009118600141e-01   4.9467409854987610e-01
   7.3225846940700456e-01   1.2724032927987497e-01   6.5802496096179797e-01   4.1779697477945515e-01   5.1564947524819149e-01   8.8052203194060197e-01
   2.9808969769472093e-01   6.0331142764024459e-02   4.2499395797413742e-01   3.9075721035924205e-01   7.1707483655383797e-01   9.4145272670268298e-01
   1.5715685022153583e-01   3.3164985701574168e-01   3.8948587112447408e-01   5.1255352059936943e-01   8.3008263697310358e-01   7.1773858999398099e-01
   2.5610410320027532e-01   5.4302238561530936e-01   4.1311683515362624e-01   6.3319451435292340e-01   7.4747774487776020e-01   5.8098962140786570e-01
   3.2331993638562062e-01   3.6314559428899296e-01   4.3274080184963892e-01   5.2895368353511907e-01   6.9999580643740333e-01   6.9548516745893407e-01
   3.0388166627673141e-01   2.7075451186615684e-01   4.2673022402675398e-01   4.8227273334867932e-01   7.1307754036876758e-01   7.6280373268680823e-01
   6.8548581186627300e-01   5.4611391042899315e-01   6.1901790890311392e-01   6.3515507991296005e-01   5.2993191535717921e-01   5.7919625112949669e-01
   8.6764708971679405e-01   8.0523024106651675e-01   8.0143149384055357e-01   8.2302413019655296e-01   4.8109943820276213e-01   4.4698500040768679e-01
   5.4230772862672638e-01   3.0103617407719663e-01   5.2481410169792986e-01   4.9710011928348746e-01   5.8296000159407457e-01   7.4005100160043846e-01
   6.0354946206824833e-01   3.4955761416077080e-01   5.6096835512218035e-01   5.2181488217796013e-01   5.5841008590728725e-01   7.0499990271642055e-01
   4.5051135142642218e-01   4.3980692353835976e-02   4.8005504366920976e-01   3.8442010243140889e-01   6.2587706557239609e-01   9.5697243417982314e-01
   6.5037462931377743e-01   3.4604766567286827e-01   5.9265379884884495e-01   5.1998654937532063e-01   5.4156643381095582e-01   7.0747876385146824e-01
   4.2440555205883657e-01   9.1377044221732795e-01   4.6909163809228177e-01   9.1738361449831818e-01   6.3959173317428819e-01   4.0100938730262958e-01
   2.5166856573481933e-01   7.3543845031173993e-01   4.1193168055692808e-01   7.6754240541789809e-01   7.5084127524428435e-01   4.7929526573993753e-01
   2.6668295401882081e-01   6.1335005550801458e-01   4.1599570334090435e-01   6.7932885611723881e-01   7.3957507929630995e-01   5.4153365907947471e-01
   7.4596071927910046e-01   6.3740806342700485e-01   6.7036720854576515e-01   6.9587033480385696e-01   5.1171221990320503e-01   5.2866090530376675e-01
   1.8058360198846976e-01   5.8803742760567990e-01   3.9458083863792781e-01   6.6234906572786478e-01   8.0902335644569545e-01   5.5541626040821002e-01
   6.4624989766776564e-01   5.1527375551925714e-01   5.8970872135748220e-01   6.1586577034301149e-01   5.4298761875561330e-01   5.9733704791962838e-01
   3.8014043473525150e-01   3.3134776157159185e-01   4.5205179151295877e-01   5.1239870390180031e-01   6.6454710810679685e-01   7.1795544830641356e-01
   6.3168628215850053e-01   9.5347545725770277e-01   5.7955406494842854e-01   9.5454113322544099e-01   5.4810036773644411e-01   3.8539925453852342e-01
   5.6529565963331252e-01   7.9978881773907162e-01   5.3773403862193248e-01   8.1855786992202562e-01   5.7339064717205357e-01   4.4942386444404459e-01
   8.4724627867290958e-01   4.2438846281549680e-01   7.7647882602983831e-01   5.6236085905387811e-01   4.8572622381251362e-01   6.5416971193615181e-01
   8.4591802396416171e-01   7.8292428247566825e-01   7.7489961427581600e-01   8.0486902430779650e-01   4.8603406032017898e-01   4.5706746074347437e-01
   5.7431626382771550e-01   9.0212984933773599e-01   5.4301217320189232e-01   9.0676663915739908e-01   5.6975413628280680e-01   4.0570464911820026e-01
   1.4830196902932699e-01   4.0324205778669908e-01   3.8763369794930280e-01   5.5059380251449663e-01   8.3830316812457406e-01   6.6815034875325607e-01
   6.3098353855089373e-01   6.6878740554730143e-01   5.7907351659360706e-01   7.1805249883472722e-01   5.4835086151799084e-01   5.1232944912585898e-01
   8.6832430863065069e-01   6.7858402914103721e-01   8.0228272709705317e-01   7.2512155880924323e-01   4.8094906278109101e-01   5.0733485538004786e-01
   6.2633839579006356e-01   7.4225678170152942e-01   5.7591858227313897e-01   7.7279364589864730e-01   5.5001551251314407e-01   4.7603838763924067e-01
   5.1200685230829956e-01   7.5598046108938111e-01   5.0888718546951528e-01   7.8347232591756033e-01   5.9626482714357087e-01   4.6955001344891389e-01
   5.0473618549228694e-01   9.4033956190434898e-01   5.0524249924779885e-01   9.4208437524266897e-01   5.9957905775135323e-01   3.9049521554444766e-01
   4.8615127179388695e-01   5.8380017400581774e-01   4.9622248857510215e-01   6.5954846238827758e-01   6.0827304781475444e-01   5.5777469306701366e-01
   8.5152712688272036e-01   7.5322132513759810e-01   7.8160571629879694e-01   7.8131359873628403e-01   4.8473964045662471e-01   4.7084735471961531e-01
   4.3319513965880985e-01   6.0246172243881990e-01   4.7270368158640935e-01   6.7197222069751628e-01   6.3489394545914590e-01   5.4746227573154516e-01
   7.5083258709313094e-01   2.3878789222161848e-01   6.7486136065876523e-01   4.6709990830626730e-01   5.1033811880756019e-01   7.8758191690808843e-01
   7.1475166972447257e-01   2.0662416426422206e-01   6.4287468076217169e-01   4.5231527296456447e-01   5.2083951845107923e-01   8.1332526925364945e-01
   2.7928052579323903e-01   7.0176758099387104e-01   4.1952227144052984e-01   7.4212883485562631e-01   7.3037990540041808e-01   4.9570832434102841e-01
   3.7308314682255717e-01   9.8131824910043575e-02   4.4950356912578643e-01   4.0581082546828140e-01   6.6873399414908530e-01   9.0652939272118105e-01
   8.5747729136546458e-01   7.1322918630233434e-01   7.8882720842289178e-01   7.5068375555738964e-01   4.8338229344645334e-01   4.9005914734133071e-01
   2.2500216734632442e-01   7.8040240256921356e-01   4.0506988633590285e-01   8.0284179857239990e-01   7.7170399425459224e-01   4.5822158465789842e-01
   4.2678276515613334e-01   3.1588802356667223e-01   4.7006077017972592e-01   5.0453807239647686e-01   6.3831302135544843e-01   7.2914109221544487e-01
   2.0578504427177682e-01   1.3359859397495596e-01   4.0039321541737211e-01   4.2046190171129150e-01   7.8744371917888134e-01   8.7494120079408599e-01
   7.7572429947448285e-02   4.6001597020808682e-01   3.7416979929650013e-01   5.8275755905915694e-01   9.0946340954144145e-01   6.3127356385624867e-01
   5.9749045773742337e-01   8.5889872823558189e-01   5.5713673435157618e-01   8.6840136270614399e-01   5.6070713065505251e-01   4.2362835547038180e-01
   6.8746733120716697e-01   4.3611800872380735e-01   6.2057741462249150e-01   5.6899593370132984e-01   5.2929935325211286e-01   6.4654142390505198e-01
   1.7922237679391637e-01   1.4654779210578647e-01   3.9427685143535529e-01   4.2594195072813101e-01   8.1022020419335961e-01   8.6368445404958805e-01
   4.8382756443707398e-01   1.4940832316950450e-01   4.9512393530833648e-01   4.2716211523675574e-01   6.0938297863972002e-01   8.6121738808120696e-01
   7.2197612983133508e-01   6.2077569635594521e-01   6.4904432319139749e-01   6.8439208381002015e-01   5.1867572020280939e-01   5.3752731785477770e-01
   7.8728161294129340e-01   2.8166891953227580e-01   7.1033494701027922e-01   4.8756528455826637e-01   5.0047173242156118e-01   7.5452345116150077e-01
   5.7648372056881436e-01   3.2712288563346859e-01   5.4429841695097358e-01   5.1023844956354825e-01   5.6889009351268904e-01   7.2099513763833745e-01
   6.6900363610011848e-01   7.8638606535016686e-01   6.0634748226080226e-01   8.0766013443360252e-01   5.3529182485400084e-01   4.5548792801247956e-01
   9.5480108813152198e-01   2.9374828282692766e-01   9.2432503813986333e-01   4.9349047699056664e-01   4.6332776417082494e-01   7.4546411394778456e-01
   1.7043778397687889e-01   5.2392443072102834e-01   3.9233891450470804e-01   6.2121653558794176e-01   8.1802285710261069e-01   5.9219196543644470e-01
   4.0736953325021663e-01   8.9114250743710643e-01   4.6231139688108186e-01   8.9685821735780746e-01   6.4893555037194561e-01   4.1018684341794287e-01
   8.2276311251494727e-01   7.5699660174228622e-01   7.4822656813393307e-01   7.8426884861936352e-01   4.9153394352690100e-01   4.6907312692460218e-01
   5.3780018499762394e-01   7.6799107967749602e-01   5.2236730097619555e-01   7.9293905000308362e-01   5.8488853447579692e-01   4.6394415960471574e-01
   9.9138820372014946e-01   4.6199310938308857e-01   9.8487995971536568e-01   5.8391089163250176e-01   4.5674245248136125e-01   6.3002668119945948e-01
   8.0636533883564343e-02   5.7017734057474678e-01   3.7470712251258576e-01   6.5062446660980877e-01   9.0616757472331189e-01   5.6542515698547546e-01
   3.2556324311371465e-01   5.3746161058638164e-02   4.3345309900565709e-01   3.8819253471631843e-01   6.9851855920844796e-01   9.4767263219082654e-01
   5.4781703984480412e-01   5.8377457777836761e-01   5.2784264719480367e-01   6.5953158065187523e-01   5.8062635613224634e-01   5.5778897017764262e-01
   7.2909969923920837e-01   8.3924317486914268e-01   6.5524081003950374e-01   8.5149910911734517e-01   5.1657253434442618e-01   4.3203737647216356e-01
   4.7325387921822537e-01   8.3350433788161438e-01   4.9020496869728386e-01   8.4662648949295716e-01   6.1449920587365181e-01   4.3452389659076762e-01
   7.6568310037651155e-01   8.4225749113387982e-02   6.8891341989025057e-01   4.0020664575472537e-01   5.0623122401223897e-01   9.1922371873080944e-01
   4.3148828524244953e-01   2.1881619292664359e-01   4.7199606695039986e-01   4.5786366810476636e-01   6.3579976147691086e-01   8.0346938793856371e-01
   5.4906297512778657e-01   8.2398585802947055e-01   5.2853340228593282e-01   8.3860612371012766e-01   5.8010215590578973e-01   4.3867965039878892e-01
   7.7129583947745284e-01   6.6144049509034719e-01   6.9436593441851802e-01   7.1279636324372020e-01   5.0471051469020090e-01   5.1610734866453933e-01
   7.3299514385434916e-01   9.1989385183601435e-01   6.5867752250253797e-01   9.2301836448171337e-01   5.1543504076201951e-01   3.9856134539426130e-01
   5.7488441855124794e-01   1.0320114017775966e-01   5.4334865486923756e-01   4.0787323155833910e-01   5.6952728268301200e-01   9.0194553774932806e-01
   5.9790410027193930e-01   6.4998796077953025e-01   5.5739644901538554e-01   7.0467960587450840e-01   5.6054942673534713e-01   5.2205206182305131e-01
   1.5774006102809826e-01   7.4861919156607626e-01   3.8960925176670663e-01   7.7772615048340799e-01   8.2954629950013392e-01   4.7301925098285696e-01
   8.5213666351507433e-01   3.8808898389345603e-01   7.8234036582400091e-01   5.4231350833443692e-01   4.8459984965346964e-01   6.7835197817823178e-01
   2.3044978367510241e-01   6.7618415335212689e-01   4.0643575823879285e-01   7.2338344360075246e-01   7.6735109177990368e-01   5.0855385815891185e-01
   9.6181788750737296e-01   5.6586824850603978e-01   9.3549216971255789e-01   6.4782689770086654e-01   4.6202718700984358e-01   5.6786688307793964e-01
   3.4087506149289071e-01   4.0730956051287703e-01   4.3842123616470430e-01   5.5283790516007847e-01   6.8861060921377493e-01   6.6543816503486675e-01
   7.8689200657931380e-01   7.6067971943677593e-01   7.0993786545632354e-01   7.8716272907272655e-01   5.0057343727529302e-01   4.6734865306034284e-01
   9.4295079881159605e-01   3.9752111106667276e-01   9.0592571103266029e-01   5.4745287780406071e-01   4.6556610641266022e-01   6.7198375620396378e-01
   6.7383429237933157e-01   8.4887278432166935e-01   6.1000589175096609e-01   8.5973831950847845e-01   5.3370257833620116e-01   4.2789699240318019e-01
   6.1140237954836596e-01   4.7700233008500892e-01   5.6602278682334994e-01   5.9274104013081519e-01   5.5547406487696116e-01   6.2064108314526878e-01
   1.3883509365989427e-01   6.0569345074206427e-01   3.8569664160941408e-01   6.7414736518703089e-01   8.4725437614481636e-01   5.4569588218946807e-01
   7.9791048778996276e-01   8.3788443060658568e-01   7.2132335014868332e-01   8.5034292524523836e-01   4.9772746876786217e-01   4.3262480377001561e-01
   5.2170368008223433e-01   8.0621520040083416e-01   5.1385273625081962e-01   8.2383517485339197e-01   5.9191900195135050e-01   4.4654495510817366e-01
   2.5721192565838924e-01   1.9576819649649932e-01   4.1341484388836336e-01   4.4743150989102587e-01   7.4664231408209680e-01   8.2220280208034779e-01
   3.9475421679467093e-01   1.5874479688546220e-01   4.5747202348434651e-01   4.3116897898073370e-01   6.5606280533823380e-01   8.5321407407623495e-01
   7.1156178080715360e-01   5.8771056202724437e-01   6.4018669725539146e-01   6.6213260199656809e-01   5.2180491730816103e-01   5.5559783653931771e-01
   3.8562626069009898e-01   7.9685197081640913e-01   4.5406353567457702e-01   8.1615741736691272e-01   6.6133310347665475e-01   4.5074569359216887e-01
   6.1427244344735565e-01   5.6656051985584743e-01   5.6789533103204448e-01   6.4827552496976548e-01   5.5441246980193593e-01   5.6747390114504115e-01
   5.4009111811753474e-01   9.1725666375754356e-01   5.2360740379070680e-01   9.2058739832108039e-01   5.8390619614433525e-01   3.9961381379145722e-01
   7.5738653531451289e-02   6.3066874663825656e-01   3.7385009867891028e-01   6.9119641138915044e-01   9.1144555268239980e-01   5.3223575109727028e-01
   7.6015050212270707e-01   1.5075491199129734e-01   6.8361538328572380e-01   4.2773771442696673e-01   5.0774702010124062e-01   8.6005846284628984e-01
   1.8764473268031420e-02   6.1939756298736293e-01   3.6458062428507565e-01   6.8344954986004747e-01   9.7679491829891263e-01   5.3826861287241223e-01
   4.9139346669239692e-03   5.0780858795621597e-01   3.6251004354719341e-01   6.1128534725573003e-01   9.9383876780333069e-01   6.0181295498571907e-01
   2.9733225352696491e-01   1.1885215092640572e-01   4.2476871346226464e-01   4.1430707664631217e-01   7.1760101462516790e-01   8.8793907202675082e-01
   2.5977349726858234e-01   6.5991539377370023e-01   4.1410700531789851e-01   7.1171010510903876e-01   7.4471765592353667e-01   5.1689506518258688e-01
   8.9253892761730313e-01   5.5253511767683827e-01   8.3372707912989175e-01   6.3924666471394997e-01   4.7570391850637583e-01   5.7548902712861394e-01
   3.9634702904258290e-01   4.2728842411630363e-01   4.5807473210933819e-01   5.6399405073399300e-01   6.5515296662987810e-01   6.5227539314054239e-01
   7.2535471106757965e-01   7.0999412159941988e-02   6.5196908458466729e-01   3.9494822925814510e-01   5.1767448078404799e-01   9.3146243967836573e-01
   1.3239716873724386e-01   3.0320965413371148e-01   3.8440428519652559e-01   4.9818173148431893e-01   8.5343916358077232e-01   7.3844426224814697e-01
   6.5579339767842448e-01   9.3250571731156329e-01   5.9657014924689311e-01   9.3473306476091023e-01   5.3971711541156209e-01   3.9356630790153979e-01
   8.1462779519205497e-01   6.5566514927377051e-01   7.3922879851483525e-01   7.0869158242300367e-01   4.9352755258028258e-01   5.1909667095758238e-01
   8.3808003459570768e-01   4.8719661871007247e-01   7.6569079518863492e-01   5.9881451816986253e-01   4.8786733946316357e-01   6.1434622910576775e-01
   7.2022374524733801e-01   4.3289510194360947e-01   6.4753727956197760e-01   5.6716506479339623e-01   5.1919770847288693e-01   6.4862852810839366e-01
   9.1353654497472248e-01   6.3043975368710903e-01   8.6264822506836203e-01   6.9103815040410044e-01   4.7135677613665089e-01   5.3235764328831392e-01
   3.7100027196038465e-01   9.6555123537692789e-01   4.4875994444141609e-01   9.6613783885476445e-01   6.6998104084169041e-01   3.8077324619385300e-01
   7.4878246348454025e-03   5.3848883833039307e-01   3.6288971825069216e-01   6.3033039429893412e-01   9.9063563469688631e-01   5.8362954491605168e-01
   5.3189314200915405e-01   6.2438101685221481e-01   5.1920255174333529e-01   6.8686398994663977e-01   5.8744230160684829e-01   5.3559284888413161e-01
   3.6372047399352625e-01   7.1899100609533795e-01   4.4619075996339558e-01   7.5502154485787876e-01   6.7438059372173309e-01   4.8724363387628894e-01
   8.1564532947925039e-01   3.5206640851576176e-01   7.4034386057819745e-01   5.2312565194711325e-01   4.9327642116145615e-01   7.0323341973800602e-01
   7.6421318107058184e-03   4.5545408269020360e-01   3.6291255351740420e-01   5.8010513924487150e-01   9.9044412718533270e-01   6.3415994150700772e-01
   1.9951310824045748e-02   5.6706927312322442e-01   3.6476122358915236e-01   6.4860542117202424e-01   9.7535629239396893e-01   5.6718527037083266e-01
   8.4795646054439261e-02   7.1081185502801691e-01   3.7544277486903627e-01   7.4887129577840317e-01   9.0172611070879960e-01   4.9124521562687951e-01
   8.5652481387750473e-02   3.7257101034828588e-01   3.7559523806871670e-01   5.3396286178919117e-01   9.0081568757571018e-01   6.8896072647966533e-01
   4.3468866328456635e-01   4.3656652802022056e-01   4.7332532451682424e-01   5.6925119659806367e-01   6.3410387530331025e-01   6.4625150262300513e-01
   3.1348105125119119e-01   5.1082368535034139e-01   4.2966267039919021e-01   6.1313121344811272e-01   7.0655369884835573e-01   6.0000116305051687e-01
   7.4275749175335393e-01   5.1539497792574718e-01   6.6744286258228591e-01   6.1594043159898448e-01   5.1262300721415388e-01   5.9726464167391224e-01
   3.6364643852132061e-01   4.9672676715974085e-01   4.4616486779131959e-01   6.0454858929729260e-01   6.7442566698064366e-01   6.0851922853554796e-01
   4.3061203643116230e-01   9.0982989367620642e-02   4.7163396362937282e-01   4.0292009560296604e-01   6.3626598333400453e-01   9.1303324203999869e-01
   7.7794374840142544e-01   4.9977076935092724e-01   7.0092697333651832e-01   6.0639164023019676e-01   5.0293128260830677e-01   6.0666971106624901e-01
   7.1151505627240874e-01   7.3879983974186703e-01   6.4014748757097351e-01   7.7012675541666165e-01   5.2181910399928366e-01   4.7768687243232905e-01
   6.1764635039360571e-01   8.1229775106517077e-01   5.7011411187188155e-01   8.2886146487872825e-01   5.5317227777455291e-01   4.4383706657814914e-01
   4.1517257203056857e-01   9.7108416585458157e-01   4.6538139477029145e-01   9.7149822800429197e-01   6.4461625185551452e-01   3.7867227192700248e-01
   1.1933405680190856e-01   2.1398755392183103e-01   3.8184252080342190e-01   4.5565813887559675e-01   8.6623604255979014e-01   8.0735843340632241e-01
   9.1434275693916406e-02   2.2400536250402389e-01   3.7663222399470764e-01   4.6024577555629848e-01   8.9471290636470546e-01   7.9931084805023345e-01
   4.5574053236078405e-01   1.4032522098639619e-01   4.8233808725830835e-01   4.2329972588864140e-01   6.2321495554622386e-01   8.6907554782641494e-01
   5.2581237414219661e-01   5.3105989009286747e-01   5.1599346906937393e-01   6.2566505317239662e-01   5.9010287949222162e-01   5.8798144359531035e-01
   5.4126649741164867e-01   2.5225683854777026e-01   5.2424642837948254e-01   4.7343381164844844e-01   5.8340394488369540e-01   7.7704513729284241e-01
   5.0779225796838545e-01   8.4443325326905405e-01   5.0676637252610790e-01   8.5592994449653492e-01   5.9818011689221362e-01   4.2980087743960405e-01
   3.4487618568865552e-01   7.9463280208722464e-01   4.3975059127937355e-01   8.1434823453166172e-01   6.8607118209317608e-01   4.5174708505755251e-01
   5.7098496372864471e-01   6.1015551416907376e-01   5.4104894604777731e-01   6.7716217462303652e-01   5.7108946166073360e-01   5.4326637688561674e-01
   7.5420157044915315e-01   3.4556200523075686e-01   6.7800225731255259e-01   5.1973407379152337e-01   5.0939570378062704e-01   7.0782244174932951e-01
   7.7461347664977254e-01   7.0150197920407620e-01   6.9762615869213185e-01   7.4193175028299652e-01   5.0381963236101590e-01   4.9584000284543872e-01
   9.0770280683165872e-01   5.1936670936487117e-01   8.5445343404380825e-01   6.1839164613646147e-01   4.7254627967694185e-01   5.9489717150910826e-01
   7.4120009745221038e-02   7.3919324063785208e-01   3.7356906242923871e-01   7.7042978357413083e-01   9.1320120788837600e-01   4.7749898694829590e-01
   3.9665264080803209e-01   8.2798300243647682e-01   4.5819064551363825e-01   8.4196486169564921e-01   6.5497872768166554e-01   4.3692968425138651e-01
   5.0227985417476495e-01   2.9049909814089314e-01   5.0402611671242925e-01   4.9188963741011504e-01   6.0070967711201373e-01   7.4789020380342208e-01
   5.8565335997384294e-01   4.0850665304510170e-01   5.4981865001734120e-01   5.5350009956278479e-01   5.6527583537681936e-01   6.6464205058324999e-01
   7.6275378132175631e-01   5.6991588277683658e-01   6.8609888890020521e-01   6.5045437800596728e-01   5.0703169600120102e-01   5.6557301112987113e-01
   5.2561478111693816e-02   5.5140293377441163e-01   3.6992739318664447e-01   6.3852332948200041e-01   9.3713471219977018e-01   5.7614095552292988e-01
   9.0713064297158585e-01   7.8802372229115325e-01   8.5365640444322688e-01   8.0898388829021128e-01   4.7266369339444719e-01   4.5474260550349910e-01
   7.8005055812500979e-01   6.3027157929063515e-01   7.0302983950191045e-01   6.9092194525185535e-01   5.0237233918519397e-01   5.3244717974234068e-01
   8.6745519750925448e-01   3.3467769429128136e-01   8.0119056666954658e-01   5.1410780112155618e-01   4.8114208461865982e-01   7.1556868106045446e-01
   2.6194063335733564e-01   8.6004932435457004e-01   4.1469597026176774e-01   8.6940111699020173e-01   7.4309704224050388e-01   4.2314121063590532e-01
   8.6218376214508596e-01   2.9859443374888250e-01   7.9461891153956687e-01   4.9588781054891201e-01   4.8232003985315419e-01   7.4186022190024459e-01
   2.1336552649745136e-01   2.5654746723204702e-01   4.0221202512604259e-01   4.7546950441870472e-01   7.8116260398565240e-01   7.7371826742327277e-01
   1.9114253063501332e-01   2.1701625468137395e-01   3.9697309037951489e-01   4.5704028302087540e-01   7.9984933265628610e-01   8.0491688553115859e-01
   6.4374867265213287e-01   4.8488173057611406e-01   5.8793784083763712e-01   5.9742993274579237e-01   5.4385514875307228e-01   6.1577001922328489e-01
   4.7831986291347117e-01   2.1856775513163559e-01   4.9254548316173841e-01   4.5774993159345723e-01   6.1203445536387391e-01   8.0366902489931591e-01
   7.4274973168453595e-01   1.8667330152876524e-01   6.6743580733005070e-01   4.4338061645163690e-01   5.1262522076003314e-01   8.2971475865492628e-01
   9.1819667948607042e-01   4.2643271762697255e-01   8.6928475240941605e-01   5.6351164379364671e-01   4.7041649237126815e-01   6.5283378830439354e-01
   5.6121501371002924e-01   4.7488007460165060e-01   5.3538557447389568e-01   5.9148442610783214e-01   5.7505736965556631e-01   6.2195964075032983e-01
   5.9400153337644190e-01   9.5525545182434424e-01   5.5495692756206660e-01   9.5624172432867005e-01   5.6204250978139025e-01   3.8471385614313397e-01
   3.2875480155703418e-01   9.1327067026047259e-01   4.3447327503116745e-01   9.1692524644340379e-01   6.9642826523823143e-01   4.0120985063764331e-01
   7.1141142036769012e-01   7.7195566001493965e-01   6.4006053650202976e-01   7.9608896048025868e-01   5.2185057508109811e-01   4.6210845701152636e-01
   6.0127790786960023e-01   2.8545627781093275e-01   5.5952496222197901e-01   4.8941537023228943e-01   5.5926800067499960e-01   7.5167120517044050e-01
   3.9961560576101796e-01   7.5269827912793985e-01   4.5931900987603080e-01   7.8090504263230764e-01   6.5329495759584433e-01   4.7109369396742373e-01
   8.9327453175369342e-01   6.5343066141246631e-01   8.3471371031734043e-01   7.0710978759349374e-01   4.7554852036654771e-01   5.2025788304167897e-01
   4.7160036373111769e-01   5.5223987550117937e-01   4.8944742660441448e-01   6.3905795999604353e-01   6.1530911077281703e-01   5.7565896084561696e-01
   5.5891431448298490e-01   3.9639845145058206e-01   5.3407211363618767e-01   5.4683861943248713e-01   5.7600309447902764e-01   6.7273858886051274e-01
   4.0425042342641104e-01   5.6731296210293469e-01   4.6110075381813442e-01   6.4876349842540415e-01   6.5068105034825352e-01   5.6704707041057678e-01
   3.5757739680441059e-01   1.5712636603849425e-01   4.4405836525487213e-01   4.3047172618480611e-01   6.7814332812198352e-01   8.5459606007551769e-01
   2.6386430391958904e-01   5.0061116349208612e-01   4.1522138155907973e-01   6.0690146240767384e-01   7.4166436840614725e-01   6.0616008356942586e-01
   7.0991888393861835e-01   3.0572204396803260e-01   6.3881084844579805e-01   4.9943493180682591e-01   5.2230453732936732e-01   7.3659133100792529e-01
   6.2944933343622522e-01   8.4319411098520125e-01   5.7802737812875393e-01   8.5486998236786860e-01   5.4889895558457213e-01   4.3033379199076383e-01
   5.7359059564582715e-01   7.3476044119771777e-01   5.4258310825586997e-01   7.6702218104998643e-01   5.7004425720520580e-01   4.7962034248846297e-01
   2.1370446605244461e-01   8.1263687002563134e-01   4.0229413076579129e-01   8.2914259518267774e-01   7.8088397989299829e-01   4.4368657853163440e-01
   7.3236619874039455e-01   4.6251357396939574e-01   6.5812031278821281e-01   5.8421487567275743e-01   5.1561809718689633e-01   6.2969885994054453e-01
   4.6116399806499198e-01   4.5740947019741074e-01   4.8473761856135156e-01   5.8124057933792084e-01   6.2048319269790242e-01   6.3292112465803096e-01
   4.2177509149641079e-01   7.9308776348091392e-01   4.6802591428061174e-01   8.1309100655330979e-01   6.4101377135393434e-01   4.5244559121479166e-01
   2.9687562853321048e-01   7.6893088732956283e-01   4.2463312654593893e-01   7.9368461047674255e-01   7.1791860624563086e-01   4.6350834615587183e-01
   3.7639916060097922e-01   5.5725053779549216e-01   4.5069537041939273e-01   6.4226809936588536e-01   6.6675933729479453e-01   5.7278174260040560e-01
   2.0549878802670310e-01   3.5571023104352961e-01   4.0032518517488563e-01   5.2503530608998117e-01   7.8768277934798148e-01   7.0067562486625357e-01
   1.2701157793347931e-01   5.6596685429891758e-01   3.8333840573732714e-01   6.4789078033530911e-01   8.5867451947610762e-01   5.6781089087430781e-01
   4.6187523504406003e-01   9.7695901675436592e-01   4.8505470973628451e-01   9.7722243320556235e-01   6.2012714017709558e-01   3.7645415073484867e-01
   5.5129092023887893e-01   8.2127228861535950e-02   5.2977400955120546e-01   3.9936768460005395e-01   5.7916804645377407e-01   9.2115475376996148e-01
   9.0848375524752034e-01   6.7975274150786347e-01   8.5554322610601952e-01   7.2596951275308874e-01   4.7238623798445106e-01   5.0674227320695031e-01
   8.1846707699934251e-01   1.8429833872051868e-01   7.4345147834394620e-01   4.4232885342107503e-01   4.9258267071992035e-01   8.3168764218335867e-01
   4.5460472874787916e-01   9.0167828484052348e-01   4.8183966549482049e-01   9.0635726797160199e-01   6.2379081428373151e-01   4.0588789230404088e-01
   3.3939647993245714e-01   9.1580112717184053e-02   4.3793328747618543e-01   4.0316076044620669e-01   6.8955418722669193e-01   9.1248821131372992e-01
   7.1415726873024304e-02   4.1144099376205656e-01   3.7310194297020849e-01   5.5512664269054157e-01   9.1614710669610411e-01   6.6269462295744785e-01
   1.1074511116752916e-01   5.4346709271736027e-01   3.8020133461959693e-01   6.3347616307138688e-01   8.7483396702644800e-01   5.8073130863802647e-01
   1.5257028953868015e-01   3.6683156268456341e-01   3.8852157720122593e-01   5.3090698779270573e-01   8.3432244725719651e-01   6.9292634986955937e-01
   9.0063829016949348e-01   4.7293019886613263e-01   8.4469540230297369e-01   5.9033222866340340e-01   4.7400544349259743e-01   6.2317356788121492e-01
   6.6419149393014076e-01   3.7024381002092588e-01   6.0274765886898130e-01   5.3272166805584631e-01   5.3689032022383010e-01   6.9056594321385245e-01
   5.4284282297338526e-01   4.3911155644027688e-01   5.2510641153076310e-01   5.7070180220481981e-01   5.8273221611670123e-01   6.4460886534823603e-01
   3.5705133118908505e-01   4.5897526287478319e-01   4.4387725389194793e-01   5.8215139446858322e-01   6.7846770595511852e-01   6.3193087685937943e-01
   5.0795296749718255e-01   2.3101582708585486e-01   5.0684683210041115e-01   4.6348364850070850e-01   5.9810678723948563e-01   7.9372690355198139e-01
   4.9526922983271354e-02   4.5633474286402476e-01   3.6942961592298212e-01   5.8061623975753418e-01   9.4058718140936404e-01   6.3360170794580095e-01
   6.4781485766940428e-01   2.1981861063551925e-01   5.9082246990438447e-01   4.5832286887096335e-01   5.4244702779190657e-01   8.0266437954030057e-01
   8.1346876685344893e-01   2.1593136287104711e-01   7.3796225384003633e-01   4.5654471262957286e-01   4.9381422858560675e-01   8.0579060712927153e-01
   1.3020750221281718e-01   3.4111016729423227e-01   3.8396925965323431e-01   5.1742544455937789e-01   8.5556094729466048e-01   7.1098057708529594e-01
   3.3199578619327363e-01   5.8544539437000542e-01   4.3551747072410163e-01   6.6063445805590149e-01   6.9431921005322716e-01   5.5685778524787932e-01
   3.4694466268858426e-01   3.0177402674859310e-01   4.4044298514307306e-01   4.9746704128499492e-01   6.8476631110880026e-01   7.3950515439411213e-01
   3.8946368948914600e-01   3.9788851164886574e-01   4.5548710116675656e-01   5.4765404926308192e-01   6.5910572174601989e-01   6.7173691432841121e-01
   6.2857731432634378e-01   9.0864881687480581e-01   5.7743458438642303e-01   9.1269713078065329e-01   5.4921123443455799e-01   4.0306847558158265e-01
   6.2649810642552795e-01   2.6135500891715402e-01   5.7602643908974083e-01   4.7776084733126628e-01   5.4995802091185919e-01   7.7000751155392355e-01
   8.0365766680128436e-01   4.2710406402384526e-01   7.2739186215423468e-01   5.6389008232276117e-01   4.9626772897017779e-01   6.5239565777798936e-01
   7.0102790006188065e-01   2.3801547842426543e-01   6.3146470772910468e-01   4.6673925319777138e-01   5.2503703428671122e-01   7.8819049105252947e-01
   1.3080342924266092e-01   6.9206682779629347e-01   3.8408742746402907e-01   7.3496443242131926e-01   8.5498257424500101e-01   5.0054046827745668e-01
   1.6241860463069005e-01   4.9571276478127357e-01   3.9060531047674285e-01   6.0393588628350126e-01   8.2526633990610820e-01   6.0913658142637905e-01
   2.7092702211436903e-01   2.3739547128294916e-01   4.1717169686040245e-01   4.6644996121846988e-01   7.3645135175774956e-01   7.8867932631071569e-01
   4.5194910437134905e-01   2.7745018839146074e-01   4.8067979830838509e-01   4.8551271038267285e-01   6.2514234641415178e-01   7.5771330658158464e-01
   6.8924216184963860e-01   9.1225057892246009e-01   6.2198097441333433e-01   9.1599037584966714e-01   5.2873489691224917e-01   4.0161933014874701e-01
   1.0935955737269623e-01   2.8235077774787476e-01   3.7993972740232779e-01   4.8789784832096522e-01   8.7623485637509257e-01   7.5400914850813527e-01
   6.4958973587806423e-01   1.2088100774725688e-01   5.9209099552012179e-01   4.1514849965947631e-01   5.4183596804663248e-01   8.8613939704272993e-01
   1.5100948836447206e-01   8.2401645125429501e-01   3.8819584803043689e-01   8.3863177976825820e-01   8.3577414192689758e-01   4.3866622997890636e-01
   5.6379239919401991e-01   6.4622985266040445e-01   5.3686607799236108e-01   7.0203631372614783e-01   5.7400306556231095e-01   5.2401768110665803e-01
   6.7526110181989729e-01   6.1514124294385075e-01   6.1109511883542600e-01   6.8054675184325841e-01   5.3323609946078454e-01   5.4056453899021961e-01
   8.3986133796007989e-01   1.4805979478991171e-01   7.6776722229817240e-01   4.2658646323044236e-01   4.8744817159497233e-01   8.6237954759645885e-01
   6.9253934608460832e-01   1.3196309061775974e-01   6.2460540240957185e-01   4.1977479689374725e-01   5.2769158428767171e-01   8.7637334088106156e-01
   1.2455462272545187e-01   3.7165696465532450e-01   3.8285669552391755e-01   5.3347501832474542e-01   8.6108173185660297e-01   6.8959075595832464e-01
   9.0371399118966467e-01   7.1447110299131655e-01   8.4892167935299689e-01   7.5161662139248775e-01   4.7336762793647735e-01   4.8945091247435146e-01
   9.6675507742180644e-01   6.4726194488346112e-01   9.4347375842196435e-01   7.0276125398409783e-01   4.6112294736079140e-01   5.2347712553282966e-01
   3.9868240862251270e-01   5.2005294735978058e-01   4.5896273323128861e-01   6.1881615562038417e-01   6.5382419140925840e-01   5.9448907051017552e-01
   3.0938727133657384e-01   8.4643560190452360e-01   4.2840364648156859e-01   8.5764553168157831e-01   7.0932056387324782e-01   4.2894112728616940e-01
   4.5581244989590519e-01   3.8412483066203951e-01   4.8236969419379905e-01   5.4016794995871564e-01   6.2317853697450309e-01   6.8104640639926695e-01
   7.5102355155823797e-01   2.9212435202202125e-01   6.7503866942141832e-01   4.9268973295548002e-01   5.1028452985421302e-01   7.4667567956948744e-01
   1.1100853891179077e-01   4.0355830386361757e-01   3.8025117076049647e-01   5.5076795318029848e-01   8.7456806253289898e-01   6.6793908223453580e-01
   1.3724371000115759e-01   4.7162913518060590e-01   3.8537532477470676e-01   5.8956466826904630e-01   8.4877578563721179e-01   6.2398488405272201e-01
   8.9945885263799263e-01   3.8511524130029795e-01   8.4308373091173738e-01   5.4070320305923036e-01   4.7425106892562868e-01   6.8037222470669112e-01
   5.7607843538145798e-01   1.3086560022140514e-01   5.4405737091023443e-01   4.1931435079932466e-01   5.6905137328578692e-01   8.7733568018878028e-01
   2.6575217087615688e-01   8.0517833784329362e-01   4.1573941557818300e-01   8.2298141369997690e-01   7.4026370856947810e-01   4.4700820097202720e-01
   7.0120593879170334e-01   8.2120962692225496e-01   6.3161017629343885e-01   8.3628118807537655e-01   5.2498183892088746e-01   4.3989921860861497e-01
   4.6102179315891639e-02   3.7675401590286550e-01   3.6887212462497693e-01   5.3620110944352939e-01   9.4450882637843536e-01   6.8608481909563435e-01
   4.2775693087041322e-01   7.0703629587704586e-01   4.7045957094225677e-01   7.4604921871652097e-01   6.3779076759016806e-01   4.9310344671941386e-01
   1.5485695042011197e-01   7.8972842474784366e-01   3.8900100231042062e-01   8.1036414123804568e-01   8.3220379962550306e-01   4.5396806503482390e-01
   5.6940967310739232e-01   5.4316216555790597e-01   5.4012632094651991e-01   6.3328302843189443e-01   5.7172400941895440e-01   5.8090841638748481e-01
   2.4310837269481336e-01   2.3343494807270807e-01   4.0968030407392730e-01   4.6460622880318581e-01   7.5741755853703197e-01   7.9180910277309602e-01
   8.4854967579601559e-01   5.9356522406005940e-01   7.7803378773064980e-01   6.6602053476277112e-01   4.8542494221831656e-01   5.5235450255670682e-01
   5.1312963734598616e-01   7.0452523705262582e-01   5.0945597233303985e-01   7.4417819535040985e-01   5.9575730367165747e-01   4.9434321439399276e-01
   8.0434248194123814e-01   3.1411850162752131e-01   7.2812099783461603e-01   5.0364607064931866e-01   4.9609490724315641e-01   7.3043246559465635e-01
   9.3771692244855898e-01   4.7847165376012091e-01   8.9797944101390326e-01   5.9361260872567201e-01   4.6657172287338378e-01   6.1972983013481031e-01
   3.0044565575846338e-01   2.0249819916116499e-01   4.2569723613933313e-01   4.5045288065761546e-01   7.1544329589405142e-01   8.1668795332016897e-01
   6.7910613420580945e-01   6.8672886942841860e-01   6.1405025425347626e-01   7.3105167523743320e-01   5.3198561758861052e-01   5.0321947631398467e-01
   7.7143370770838482e-01   3.1356543341677245e-01   6.9450086213062223e-01   5.0336759703272471e-01   5.0467337521009403e-01   7.3083655630603861e-01
   3.0765416530243683e-01   3.0061519023510275e-01   4.2787443336026521e-01   4.9689089220906507e-01   7.1049876166883419e-01   7.4036261670229686e-01
   3.7794943007569670e-01   1.8570364390884700e-01   4.5125590826346851e-01   4.4295089743220106e-01   6.6584064836228474e-01   8.3051968808292265e-01
   5.9565184627347723e-01   7.8209577774183126e-01   5.5598560822355014e-01   8.0420246267390172e-01   5.6140969423819786e-01   4.5744630021185939e-01
   7.7709197638146998e-01   3.8709706113272024e-01   7.0008003494672399e-01   5.4177584192792339e-01   5.0315792989952079e-01   6.7902518477445173e-01
   3.8938469090367445e-01   6.2077427074612079e-01   4.5545765868513555e-01   6.8439110813463722e-01   6.5915140324083765e-01   5.3752808415954911e-01
   7.5463979348757892e-01   9.0210711849375425e-01   6.7841281695963807e-01   9.0674602782065394e-01   5.0927358448622406e-01   4.0571387123209490e-01
   9.2381994503074483e-01   5.6497734588812709e-01   8.7740124988233781e-01   6.4725000403794497e-01   4.6929348199043414e-01   5.6837302259773403e-01
   4.1026544668104092e-01   6.7224456772192931e-01   4.6344382391738603e-01   7.2053921879341931e-01   6.4732467342193201e-01   5.1056130128138721e-01
   3.7787233905308049e-01   3.6977795714032691e-01   4.5122798334494690e-01   5.3247355592858669e-01   6.6588626519507010e-01   6.9088772029231238e-01
   5.5514912256823223e-01   5.1054968789753619e-01   5.3193895552429893e-01   6.1296324007058223e-01   5.7756023241535193e-01   6.0016558436535483e-01
   7.1697361406143678e-01   6.7055249006635409e-01   6.4476004957112176e-01   7.1932104139735920e-01   5.2017069162011698e-01   5.1142594196437874e-01
   6.7609627632208724e-01   5.7896002777440203e-01   6.1173453520149945e-01   6.5636386456033358e-01   5.3296366579756271e-01   5.6048094819763883e-01
   4.0562735774418035e-01   2.9522771040748919e-01   4.6163403926680319e-01   4.9422110073216807e-01   6.4990915494420554e-01   7.4436206917601089e-01
   1.8466584623175639e-01   3.8131608858619381e-01   3.9549849334868958e-01   5.3865288621731433e-01   8.0545354796669932e-01   6.8296197901188793e-01
   4.2216924144040935e-01   1.5391270343808214e-01   4.6818515975317321e-01   4.2909055579432970e-01   6.4080021541245169e-01   8.5734686117811720e-01
   2.4760062281963366e-01   1.0999667380831077e-01   4.1085594070509973e-01   4.1065438683486521e-01   7.5395239507595901e-01   8.9583711501753960e-01
   1.8903888016914369e-01   8.8524729778453082e-01   3.9649160347966333e-01   8.9158660403795276e-01   8.0166164795863559e-01   4.1261212259732716e-01
   3.0155840641905562e-01   1.6920911079889281e-01   4.2603081740334064e-01   4.3570455598955105e-01   7.1467536621385763e-01   8.4433232591734642e-01
   3.4906646263727126e-01   1.8619841294784087e-01   4.4115690230865201e-01   4.4317011004738072e-01   6.8343339899640565e-01   8.3010887429233704e-01
   2.7624074216561234e-01   3.5331065620500457e-01   4.1866135884158118e-01   5.2377695493782628e-01   7.3257753281568172e-01   7.0235896731101999e-01
   6.5839076245057826e-01   6.3836182194150370e-01   5.9846662281571938e-01   6.9653434366237965e-01   5.3883776686434792e-01   5.2815693083722348e-01
   7.6842192118288577e-02   4.9967802077548695e-01   3.7404232222969352e-01   6.0633540087750681e-01   9.1025185833461975e-01   6.0672598142717071e-01
   5.2111692523502140e-01   4.9096029578533817e-02   5.1354882159528703e-01   3.8639157897606313e-01   5.9217957891641115e-01   9.5208969653614639e-01
   6.8128869711427775e-01   3.1472631119703565e-01   6.1574064199841727e-01   5.0395228460116559e-01   5.3128007100740948e-01   7.2998863664758840e-01
   1.3201114430593194e-01   2.4367793482968950e-01   3.8432742691169586e-01   4.6938964064168154e-01   8.5381254635348869e-01   7.8374000897959917e-01
   8.3127398785801732e-01   4.5039762141692619e-01   7.5784491598456849e-01   5.7717926359631877e-01   4.8948273018762162e-01   6.3737466741136861e-01
   1.9358770075762957e-01   8.4518231477826311e-01   3.9753582997784181e-01   8.5657132886071696e-01   7.9775235481215823e-01   4.2947905069475129e-01
   5.8775283532423217e-01   5.1843787435313693e-01   5.5110067209363001e-01   6.1781752899589226e-01   5.6445760083647056e-01   5.9544998952900907e-01
   6.3261011871318873e-01   7.7719954895128296e-01   5.8018710800675966e-01   8.0027452730489668e-01   5.4777160029711736e-01   4.5969155411001089e-01
   7.9862172189335767e-01   4.6301302241561337e-01   7.2206947079003392e-01   5.8450673376263718e-01   4.9754590966604528e-01   6.2938443634908536e-01
   7.2071682414345462e-01   2.6374481191661003e-01   6.4796064068557735e-01   4.7890396700861326e-01   5.1905064851417326e-01   7.6816954236009882e-01
   3.2887218282348962e-01   4.3245513657972690e-01   4.3451094849155619e-01   5.6691558669416853e-01   6.9635164110645986e-01   6.4891396498135201e-01
   6.1555889165972455e-01   6.0895019829247998e-01   5.6873909723090188e-01   6.7634647199135434e-01   5.5393860548102103e-01   5.4392157925848528e-01
   6.0181958313024175e-01   8.9361826605792016e-01   5.5986839992010706e-01   8.9908137268351318e-01   5.5906306811474737e-01   4.0917257586309719e-01
   4.4128873685432746e-01   6.4563829530756822e-01   4.7610027739391175e-01   7.0162114179391688e-01   6.3064057362318704e-01   5.2432775932441533e-01
   4.9935698899531566e-01   1.7449486793715688e-01   5.0258843036660750e-01   4.3801368181945255e-01   6.0206229333860750e-01   8.3988116454106720e-01
   8.8631205232590993e-01   3.5777225728662965e-01   8.2545063442986744e-01   5.2611905964982786e-01   4.7702855999996896e-01   6.9923230193617014e-01
   6.1453457787605870e-01   1.7730038638526466e-01   5.6806703853739959e-01   4.3924426268583033e-01   5.5431581342627911e-01   8.3752816467535340e-01
   9.4708993214999604e-01   6.7878339517988939e-01   9.1228749693755129e-01   7.2526613783370419e-01   4.6477825023955510e-01   5.0723372012136203e-01
   4.5740256404934299e-01   9.4736261538304756e-01   4.8306998154010927e-01   9.4872397202254044e-01   6.2237465037351791e-01   3.8776235450989743e-01
   3.5857362055684094e-01   2.3515810442518234e-01   4.4440198480477594e-01   4.6540750814427273e-01   6.7752997995165143e-01   7.9044586675942186e-01
   4.0417264755120397e-01   4.8315186436535551e-01   4.6107068557751152e-01   5.9639735226237800e-01   6.5072471417284738e-01   6.1683614083115190e-01
   3.3188325915888073e-01   6.4926577745015068e-01   4.3548107666490965e-01   7.0417088172875109e-01   6.9439220762492715e-01   5.2242921528974928e-01
   8.3999311654074116e-01   8.2291309747428243e-01   7.6792121537628455e-01   8.3770698250710907e-01   4.8741722136702054e-01   4.3915050113399334e-01
   4.7130940896391726e-01   6.1245358107250325e-01   4.8931445198426621e-01   6.7872012805976323e-01   6.1545190002443528e-01   5.4201934783205585e-01
   3.1073932230507018e-01   4.5498207606597574e-01   4.2881806668236300e-01   5.7983139038711884e-01   7.0840424594611329e-01   6.3445933985366187e-01
   2.0033027846008969e-01   5.6573557960820575e-01   3.9910493761616617e-01   6.4774095692132172e-01   7.9202276685131379e-01   5.6794222634917779e-01
   3.4421094649231632e-01   3.3493596705301543e-01   4.3952866012010999e-01   5.1424059831139113e-01   6.8649198784590526e-01   7.1538389302487182e-01
   7.8565550571780096e-01   5.9834916093567991e-01   7.0868028268981798e-01   6.6921436841705528e-01   5.0089674521643179e-01   5.4971838402336781e-01
   6.6539212862056552e-02   2.8709028819649007e-01   3.7226717081961125e-01   4.9021573375317284e-01   9.2149975456485600e-01   7.5044396954560477e-01
   2.5209923498542031e-01   2.6662592546211827e-01   4.1204619299586320e-01   4.8028573327189295e-01   7.5051338322435224e-01   7.6595954384342146e-01
   1.2184662814653036e-01   8.0079434565647800e-01   3.8232904271233925e-01   8.1938136666734307e-01   8.6374864064748191e-01   4.4897218332864047e-01
   1.4270919817659042e-01   5.1615571499563784e-01   3.8648401605927413e-01   6.1640917859214717e-01   8.4357079846978844e-01   5.9681045310140191e-01
   2.9673331315650930e-01   8.1486700114293475e-01   4.2459089942161166e-01   8.3099375528252095e-01   7.1801764867524120e-01   4.4269820180101210e-01
   6.6734074458609016e-01   6.5867781956428700e-02   6.0509852095957473e-01   3.9292669232225708e-01   5.3584246474663688e-01   9.3625464586592066e-01
   3.0830419702753087e-01   9.3374301715267449e-01   4.2807266052883114e-01   9.3589032562512342e-01   7.1005637929883758e-01   3.9307964950457097e-01
   4.1196673083868240e-01   9.4152194922118049e-01   4.6411290295704299e-01   9.4319894265467619e-01   6.4638266081506823e-01   3.9003377181067334e-01
   7.7380049153176755e-02   3.1437259796897299e-01   3.7413619400358733e-01   5.0377406153357618e-01   9.0967101427646013e-01   7.3024688895564227e-01
   2.6728160636198361e-01   8.8881956355838299e-01   4.1616084783246443e-01   8.9477728393323175e-01   7.3913285011628349e-01   4.1114079199052783e-01
   4.4466338816889273e-01   4.8144491040110737e-01   4.7753683892791959e-01   5.9538019780255824e-01   6.2888735467238377e-01   6.1788995087377696e-01
   8.1560855953358335e-01   8.0409292128699750e-01   7.4030351515916604e-01   8.2208862066184751e-01   4.9328548722942711e-01   4.4749365448614253e-01
   4.5342506782233627e-01   8.5405224362069421e-01   4.8132349018042592e-01   8.6420285109124273e-01   6.2439029540384972e-01   4.2568644700363473e-01
   4.3895131074671834e-01   5.5549705928873416e-01   4.7511230629077550e-01   6.4114288286785071e-01   6.3186188228067608e-01   5.7378698415227958e-01
   8.3959516458444761e-01   2.5863394179839216e-01   7.6745633945842295e-01   4.7646259511571298e-01   4.8751071139251501e-01   7.7210560690939367e-01
   7.0546006859971444e-01   6.9620396706562682e-01   6.3510585863264302e-01   7.3801138111585751e-01   5.2366880692902407e-01   4.9847394035470899e-01
   2.3367437770742025e-01   3.6678050494732062e-01   4.0725280961747162e-01   5.3087988157521959e-01   7.6479674544463982e-01   6.9296173002426720e-01
   4.1707554260108626e-01   3.8094804781681368e-02   4.6613915300968506e-01   3.8216409474485286e-01   6.4357306497773814e-01   9.6262167542728605e-01
   9.3727417977144445e-01   3.1920302807014045e-01   8.9731223472090715e-01   5.0621339369325336e-01   4.6665727359098463e-01   7.2672798814636597e-01
   6.8197318553025343e-01   8.7698760807793530e-01   6.1627272061826466e-01   8.8425270490232311e-01   5.3105943338509942e-01   4.1603428424013611e-01
   6.4769287449637902e-01   4.5616785114226366e-01   5.9073549752326038e-01   5.8051934779905634e-01   5.4248910419556873e-01   6.3370745965004738e-01
   6.0735638375419554e-01   9.3206315659728423e-02   5.6340606522798753e-01   4.0381691503682376e-01   5.5698100831368769e-01   9.1100552619965336e-01
   9.8975297852602473e-01   5.5262899695237500e-01   9.8204743402782546e-01   6.3930667954475295e-01   4.5702660376682774e-01   5.7543500317157237e-01
   8.0969918145188546e-01   2.5746040195338427e-01   7.3386916210997744e-01   4.7590377523851857e-01   4.9475121280670520e-01   7.7301223548198283e-01
   1.8767662992888437e-01   4.8151525803271866e-01   3.9618111251586469e-01   5.9542208286262199e-01   8.0283931387312046e-01   6.1784648530800423e-01
   2.1244860787489203e-01   5.0888435020487444e-01   4.0199024597325433e-01   6.1194329879172582e-01   7.8191730106694823e-01   6.0116589543151400e-01
   5.0842644130810688e-01   2.6325220486324563e-01   5.0708406642741022e-01   4.7866811363286826e-01   5.9789088430030257e-01   7.6854804131281806e-01
   8.4562264594584990e-01   5.5537763890055913e-01   7.7454916794587580e-01   6.4106632190746371e-01   4.8610262839327451e-01   5.7385551010827351e-01
   1.3472210100455112e-01   6.5049307298654835e-01   3.8486869275458463e-01   7.0503563805600300e-01   8.5119645514544517e-01   5.2178843354046245e-01
   5.0643483240493115e-01   3.4373753970014154e-01   5.0608806683912366e-01   5.1878670137575433e-01   5.9880043359244362e-01   7.0911501816811096e-01
   3.2840281334641230e-01   6.8967236926919828e-01   4.3436036971629155e-01   7.3320669582251186e-01   6.9665814394528769e-01   5.0174042772311955e-01
   3.1838912249373896e-01   8.7619015619334595e-01   4.3118888717365850e-01   8.8354783700281680e-01   7.0326620145563234e-01   4.1636618388356655e-01
   4.0415525057946766e-01   2.5531483464238136e-01   4.6106396068215227e-01   4.7488378627396366e-01   6.5073448186261085e-01   7.7467256580373156e-01
   7.4574779525788770e-01   7.0670650023538373e-01   6.7017207402124124e-01   7.4580321550334627e-01   5.1177258062597419e-01   4.9326609690621764e-01
   5.4447761307228626e-01   1.2657134177096208e-01   5.2600190381827672e-01   4.1751756729254608e-01   5.8203780690736329e-01   8.8111128726154098e-01
   9.7860795066534323e-01   6.0827799413493899e-01   9.6306307549016801e-01   6.7589198185313748e-01   4.5898821258137384e-01   5.4428732852075423e-01
   2.5930604278966396e-01   1.5429591760318015e-01   4.1398037208735283e-01   4.2925502088408318e-01   7.4506814662964072e-01   8.5701837666049141e-01
   3.9966932761872509e-01   7.0485930479450776e-01   4.5933954493202478e-01   7.4442684280992366e-01   6.5326452096818355e-01   4.9417809785423589e-01
   5.1007130648890053e-01   3.7447603402189067e-01   5.0791042041057632e-01   5.3498104320364981e-01   5.9714241654265776e-01   6.8764948935097614e-01
   1.9389062393988712e-01   7.4147771486418546e-01   3.9760577758149623e-01   7.7219182245779927e-01   7.9749328109044315e-01   4.7640939786246844e-01
   6.0597663438486837e-01   5.9635503975685400e-02   5.6251984229875018e-01   3.9048547901128372e-01   5.5749769474017941e-01   9.4210786558035331e-01
   6.7445290057922469e-01   4.8827939916431906e-01   6.1047765035538670e-01   5.9946325398170219e-01   5.3350016806007217e-01   6.1368138702071517e-01
   5.5517977849363942e-01   9.8194817832071390e-01   5.3195624189077173e-01   9.8211013644304179e-01   5.7754750690346346e-01   3.7458063767044497e-01
   6.4619951647431129e-01   5.8082730957002571e-01   5.8967293981913671e-01   6.5759062585399786e-01   5.4300505027919099e-01   5.5943534884440560e-01
   7.1442699674258647e-01   1.5435266352477170e-01   6.4260008685283165e-01   4.2927938004697608e-01   5.2093749729120220e-01   8.5696974574270313e-01
   4.8877679888340753e-01   1.1886283824312613e-01   4.9747144046627373e-01   4.1431150450092069e-01   6.0702514240815664e-01   8.8792958239136910e-01
   3.4465267638465458e-01   8.6371224270430891e-01   4.3967598555112603e-01   8.7259150178730915e-01   6.8621250337729345e-01   4.2159411410485126e-01
   5.1961598561351885e-01   9.6800321637108178e-01   5.1277343262464548e-01   9.6850969716077029e-01   5.9284753724610595e-01   3.7984074114063848e-01
   5.2807837399978885e-01   1.9973224981826790e-01   5.1718360369418015e-01   4.4920867231021694e-01   5.8910763024316148e-01   8.1894999773599686e-01
   5.6636656292628662e-01   7.0199020157834746e-01   5.3835437443384482e-01   7.4229406640188800e-01   5.7295548992210310e-01   4.9559798174685588e-01
   8.6145735190231842e-01   6.3094889070185212e-01   7.9372037185917432e-01   6.9139007308590039e-01   4.8248333930165821e-01   5.3208666929433313e-01
   9.3664611316094393e-01   4.4740619002222592e-01   8.9636707386717807e-01   5.7545525134464737e-01   4.6677876429167153e-01   6.3928418467262316e-01
   6.5094104423384358e-01   5.5135621029930881e-01   5.9306064290470561e-01   6.3849349615007678e-01   5.4137218827950984e-01   5.7616787545941262e-01
   2.2594697723660281e-01   3.3327808260084835e-01   4.0530548412142026e-01   5.1338875314432042e-01   7.7094564316438186e-01   7.1657090054722428e-01
   4.2698154682385969e-01   5.1391333096744041e-01   4.7014206836216954e-01   6.1502850107837703e-01   6.3820637113724588e-01   5.9815023291832947e-01
   6.7980967627948174e-01   7.5741608621852574e-01   6.1459411614790060e-01   7.8459790623901393e-01   5.3175785047533031e-01   4.6887639929461439e-01
   4.5310720426338436e-01   2.4587383743568661e-01   4.8118466448193714e-01   4.7042150710128122e-01   6.2455206962985232e-01   7.8202088046165441e-01
   5.7786753186374629e-01   5.5253269726540460e-02   5.4512331105667466e-01   3.8877802413747292e-01   5.6834040181743417e-01   9.4624546227273176e-01
   3.8391400490291216e-02   4.9595003628271606e-01   3.6763339830087616e-01   6.0407920005947979e-01   9.5343731602407200e-01   6.0899206782027859e-01
   2.9789439939060236e-01   8.9682284911986165e-01   4.2493584128327716e-01   9.0196717504880208e-01   7.1721042928710732e-01   4.0786344708335726e-01
