   3.7978110882217275e-01   7.6477888367201663e-01   1.8104594338597357e-01   4.6543683528090846e-01   6.0134291651092797e-01   7.9039606083049574e-01
   7.5997676845534723e-01   6.8639518608870709e-01   6.5112220960064771e-01   5.0338742028794370e-01   4.5468672172121388e-01   7.3080777616772941e-01
   6.7381827946545747e-01   4.6202766492791653e-01   5.0020856926004897e-01   6.3000491066038300e-01   4.7846622589558685e-01   5.8393106934011696e-01
   6.0778571727327030e-03   1.4837516834789974e-01   6.1527991945654933e-02   8.6210761877203157e-01   9.8923519860296771e-01   4.2672101853761868e-01
   6.8943221918067132e-01   7.1437142822572930e-01   5.2505680207107319e-01   4.8949970081076144e-01   4.7386603858848952e-01   7.5154170791549268e-01
   1.7023474625910479e-01   7.8962443518572834e-01   8.9325530923441393e-02   4.5401527542977282e-01   7.6554470150297349e-01   8.1027987620726205e-01
   6.2581941215958714e-01   8.5990459713559619e-01   4.2995173324605196e-01   4.2320245511831878e-01   4.9352624402018408e-01   8.6927530008915166e-01
   8.7605039227132897e-01   5.0716786328417285e-01   8.1112821762899312e-01   6.0219867495088697e-01   4.2787852378430125e-01   6.1089380710019858e-01
   6.9805732550206512e-01   8.1140168221804498e-01   5.3923090274948571e-01   4.4423495338707331e-01   4.7138342478090861e-01   8.2811908060485173e-01
   7.0813087841389233e-01   1.4456423014396014e-01   5.5620177734885046e-01   8.6539932589467605e-01   4.6853488313117791e-01   4.2509790586110918e-01
   7.8278387370880820e-01   9.2044684768324558e-02   6.9722118790583698e-01   9.1206439324839494e-01   4.4899268954875798e-01   4.0334810118089182e-01
   1.7108106927671177e-01   7.2282848154645496e-01   8.9493796256204614e-02   4.8537743143577655e-01   7.6466258028585044e-01   7.5792448792526701e-01
   1.3252132940495762e-01   1.4077125604720128e-01   8.2109290598521248e-02   8.6868799609885039e-01   8.0724585562636220e-01   4.2348857452104166e-01
   4.1386543478485777e-01   2.9193763330504507e-01   2.0677501502990317e-01   7.4681511091118946e-01   5.8239157431797972e-01   4.9259774714867838e-01
   6.2645951236993458e-02   1.2498743241818412e-01   7.0095931254280083e-02   8.8250799350631381e-01   8.9867860456420989e-01   4.1685678076389043e-01
   9.8650151443955192e-01   1.9660345705146293e-01   9.9531427619786350e-01   8.2151633524083634e-01   4.0658968139701657e-01   4.4780538790332702e-01
   8.0340934464011227e-01   2.5532301516522671e-01   7.3662991094616737e-01   7.7466622860303025e-01   4.4403474801556242e-01   4.7488767108751606e-01
   2.2513911086709479e-01   5.3789210447229929e-01   1.0085370690319752e-01   5.8397792035946028e-01   7.1268338992573632e-01   6.2995436701613428e-01
   4.0634047985706290e-01   8.6567790914953391e-01   2.0089799340913453e-01   4.2076621465490827e-01   5.8643604550241479e-01   8.7430841250683333e-01
   5.4970456320642136e-01   8.8961200778031790e-01   3.3526986951249194e-01   4.1081511490301920e-01   5.2068836591954215e-01   8.9548662604171059e-01
   2.7485438119224614e-02   3.0694372211978094e-01   6.4656980604257008e-02   7.3569200292865233e-01   9.5298887767920881e-01   5.0004545340575002e-01
   7.9177045332984042e-01   1.7400136029472629e-01   7.1617176822192052e-01   8.4029575460777051e-01   4.4681079614006947e-01   4.3779757205028302e-01
   9.6605578772777578e-01   3.3095004369600201e-01   9.5395517406629482e-01   7.1824104881253081e-01   4.1027086692604359e-01   5.1219495429794504e-01
   6.4790945823369062e-01   6.9622065045039483e-01   4.6117948699911049e-01   4.9846562419153628e-01   4.8641594152490297e-01   7.3802369374639964e-01
   4.6648847164473028e-01   3.0224912278348459e-01   2.5124171558738401e-01   7.3915390187342456e-01   5.5611322271208008e-01   4.9770344205588646e-01
   3.9575239497877351e-01   9.2013014175408447e-01   1.9282008674936582e-01   3.9846718049215879e-01   5.9225830504865162e-01   9.2323649018487131e-01
   4.2686589156198596e-01   6.2334278861066328e-01   2.1720229830975266e-01   5.3614920526829590e-01   5.7558072601452148e-01   6.8615123841757963e-01
   7.8566024729938888e-01   2.2267162086698017e-02   7.0323726060466574e-01   9.7797892125684538e-01   4.4829061523266794e-01   3.7616295522879328e-01
   3.6638850972125403e-01   4.5145959885487452e-01   1.7154028554421930e-01   6.3669814918218703e-01   6.0925396729737835e-01   5.7779254053740936e-01
   8.4224758160623636e-01   2.2460286009606728e-01   7.7231444461069354e-01   7.9883340439315109e-01   4.3515692270179518e-01   4.6052085346995336e-01
   3.5891751254483906e-01   6.7552750263513761e-01   1.6637853134335284e-01   5.0888791008021306e-01   6.1378832136287964e-01   7.2290858926763568e-01
   2.9788190560130079e-01   6.1539803177441910e-01   1.2772621087649655e-01   5.4042574587542902e-01   6.5441132370737576e-01   6.8072153108752975e-01
   9.4022885475855600e-01   4.8884182514708291e-01   9.0666274942436287e-01   6.1333633370608676e-01   4.1508072509136285e-01   5.9980050252123440e-01
   7.4897003390111683e-01   5.5391950952892355e-01   6.2985971815073416e-01   5.7469287602819552e-01   4.5751828801505606e-01   6.4013224544198710e-01
   3.0421037382597177e-01   7.5140312620672967e-01   1.3145831945597286e-01   4.7170422762320974e-01   6.4988090157914735e-01   7.7989430585578490e-01
   8.3612144436299263e-01   2.8166548861212559e-02   7.6606936220314248e-01   9.7222643011165977e-01   4.3651937853831574e-01   3.7838864463825733e-01
   4.4871305409700063e-01   9.0206977515823572e-01   2.3553695480452064e-01   4.0572902222420537e-01   5.6461559285896779e-01   9.0671216753173900e-01
   6.2329647603574556e-01   4.5811437434462610e-01   4.2649973014235154e-01   6.3247513314150150e-01   4.9435879307532571e-01   5.8165044267303689e-01
   4.7880073137781720e-01   8.4900897960564981e-01   2.6255348389622984e-01   4.2783871881916924e-01   5.5043209778571645e-01   8.5985541978712465e-01
   2.0407900732630008e-01   3.5737297421447145e-01   9.6281493057907216e-02   6.9951154930350279e-01   7.3195275902661805e-01   5.2590903114857290e-01
   4.3673323002041892e-01   4.6714292145302944e-01   2.2535457942951378e-01   6.2679050220117127e-01   5.7055559069980022e-01   5.8692567912168159e-01
   1.2872982769886501e-01   4.2203782634699355e-01   8.1413467083925106e-02   6.5570923583924901e-01   8.1171093350648815e-01   5.6104050555363860e-01
   1.2557521675929675e-01   5.0669667096847593e-01   8.0838534832080935e-02   6.0248249320028457e-01   8.1546605510406656e-01   6.1060602643792894e-01
   8.7177111952278882e-02   1.4598003599381298e-01   7.4123619555671677e-02   8.6417495540658684e-01   8.6426149076593828e-01   4.2570018821982436e-01
   2.4034897821529333e-01   4.2257337386411414e-01   1.0427766111819678e-01   6.5535816640161593e-01   6.9948275785698366e-01   5.6134104987409095e-01
   5.2261902639646185e-01   8.5083646755877873e-01   3.0589011406253797e-01   4.2705756270873874e-01   5.3148827216289951e-01   8.6142823191810081e-01
   6.6061913139331763e-01   9.1807535054970968e-01   4.7999085955968102e-01   3.9928678912379273e-01   4.8246541378697561e-01   9.2134137966028962e-01
   1.5226891038894350e-01   3.7469363916392934e-01   8.5819956287536373e-02   6.8749986956578080e-01   7.8481303869621000e-01   5.3509747049667356e-01
   5.8782734189356378e-01   5.8257067094412363e-01   3.8032353402880947e-01   5.5846090052051378e-01   5.0653570918523716e-01   6.5873804384256818e-01
   5.4480188651568873e-01   7.7823752828278969e-01   3.2979623690641025e-01   4.5921465132840966e-01   5.2259526836584025e-01   8.0110562698129484e-01
   4.2906476605335780e-01   1.7051327803497032e-01   2.1900095669290651e-01   8.4323189309171498e-01   5.7445030660358809e-01   4.3627315829173641e-01
   3.7633976229942923e-01   9.8116477093980980e-01   1.7857193411923705e-01   3.7487420188191078e-01   6.0334962826643901e-01   9.8134104540842249e-01
   2.4153983611009910e-01   6.1179247619209531e-01   1.0455016240958084e-01   5.4237779794168628e-01   6.9847344017730340e-01   6.7827157115858727e-01
   2.8840187026711128e-01   4.8531547745855615e-02   1.2224749352092784e-01   9.5262728558827303e-01   6.6134741987807044e-01   3.8617352949770578e-01
   5.6037710717898503e-01   2.6912461142797828e-01   3.4743151211927159e-01   7.6404804059849751e-01   5.1660767672160446e-01   4.8148731705832709e-01
   7.5906851217126214e-01   3.5624067768404066e-01   6.4934392039426725e-01   7.0030405239335280e-01   4.5491827120797573e-01   5.2531388318285588e-01
   4.4079729190857508e-01   8.6919091216267230e-01   2.2877342852176794e-01   4.1929065501524204e-01   5.6852101477186945e-01   8.7738526192068167e-01
   7.3519911146876304e-01   2.2986123419506369e-01   6.0412176686413310e-01   7.9464386424833733e-01   4.6114110308144018e-01   4.6294882238777957e-01
   4.8313408913402228e-01   1.8576553825433684e-01   2.6662181834062038e-01   8.3046828520120264e-01   5.4847160590882948e-01   4.4297831443655178e-01
   8.3749629937705194e-01   5.7757686841298850e-01   7.6745037562934337e-01   5.6125671905171270e-01   4.3621241225719753e-01   6.5545663630183970e-01
   2.1085587483451362e-01   8.3412451598984216e-01   9.7731810659869162e-02   4.3425449792881121e-01   7.2562200308035385e-01   8.4715171155636493e-01
   3.2366921174513463e-01   5.6460960306677854e-01   1.4332070146758286e-01   5.6858207613325507e-01   6.3643115269958994e-01   6.4701202625533472e-01
   8.1146809063650416e-01   3.9286830522888261e-01   7.4328319223110062e-01   6.7511765119648603e-01   4.4214470922685423e-01   5.4491160247323289e-01
   9.0289068749413304e-01   4.6723449764672792e-01   8.4744737879547105e-01   6.2673310574084806e-01   4.2237184471489592e-01   5.8697943000247255e-01
   4.0174160143412185e-01   8.0948679867067397e-01   1.9736220139290053e-01   4.4508642656629199e-01   5.8894577674515425e-01   8.2653484629832830e-01
   9.1146932020478544e-01   1.8234499366310666e-01   8.6013406237235257e-01   8.3331380283790768e-01   4.2065976607178712e-01   4.4146567585776625e-01
   7.2719897950355983e-01   8.1804261077646567e-01   5.8959758764284964e-01   4.4129459495988466e-01   4.6328794654165972e-01   8.3363686157289996e-01
   5.2466407047996988e-01   5.1053311010938310e-02   3.0803639232936414e-01   9.5022801156618009e-01   5.3064977226173338e-01   3.8714859664587020e-01
   6.1491685792106376e-01   7.9394722203620094e-03   4.1519788548193970e-01   9.9209196214344253e-01   4.9715514075094686e-01   3.7081183520187838e-01
   8.9290105637535666e-01   6.0438024482499608e-01   8.3334042856375601e-01   5.4641296398585681e-01   4.2439438071632896e-01   6.7326265191058754e-01
   8.3069429797118854e-01   1.5201611449166280e-01   7.6073308456929756e-01   8.5897443869316414e-01   4.3773794573746089e-01   4.2827751863155639e-01
   2.3567973009487578e-01   1.4708740631516742e-01   1.0321544706979122e-01   8.6321852336847538e-01   7.0347371601194819e-01   4.2617185708190425e-01
   1.4026894649658850e-01   1.8627587535379345e-01   8.3547660788720488e-02   8.3004457455217029e-01   7.9828244977921836e-01   4.4320444039998991e-01
   2.6505383752480649e-01   7.6524759045001989e-01   1.1006590850321017e-01   4.6521873299848177e-01   6.7923114381235628e-01   7.9076661165457174e-01
   3.8068564469671023e-01   4.9114581914711214e-01   1.8169987678451410e-01   6.1192483713743817e-01   6.0081841271420044e-01   6.0118403249060581e-01
   9.1168037705711835e-01   4.1792620467727665e-01   8.6045294585410648e-01   6.5841081427062464e-01   4.2061792855311070e-01   5.5873845507682374e-01
   9.2702657351267009e-02   5.7757677288072218e-01   7.5058433154835819e-02   5.6125677266984164e-01   8.5687229681736532e-01   6.5545657368458476e-01
   2.1069652487701199e-01   5.0773520063735089e-01   9.7697482011527906e-02   6.0185712204557495e-01   7.2576942096408659e-01   6.1124048830909250e-01
   8.2235532122680932e-01   4.2589700621266985e-01   7.5288841256060035e-01   6.5318361251047441e-01   4.3963186527340176e-01   5.6320984501971572e-01
   7.9686203628655972e-01   1.3009651378957870e-01   7.2711278643520605e-01   8.7801068669247051e-01   4.4558954919770150e-01   4.1899198580061781e-01
   4.4580371045900324e-01   1.1789515907941879e-01   2.3303492394542763e-01   8.8878922921116510e-01   5.6604225389351925e-01   4.1391077780943586e-01
   6.2915629639492121e-01   5.4489193601100505e-01   4.3455288023893168e-01   5.7990444674170760e-01   4.9243166729927684e-01   6.3437941067435488e-01
   4.0405016209828931e-01   4.0846247296881111e-01   1.9913185090006763e-01   6.6467141516841066e-01   5.8768229431170993e-01   5.5347564642633396e-01
   5.7071925264211076e-01   9.5378632301432209e-01   3.5954619421878825e-01   3.8527946572774507e-01   5.1274289485276903e-01   9.5483791350406833e-01
   4.7023736212993777e-01   9.8464733696179396e-01   2.5464765260372069e-01   3.7357094837429372e-01   5.5436580132838043e-01   9.8476458828605462e-01
   7.7830819134069040e-01   2.3831644689289708e-01   6.8795166182729339e-01   7.8795330626180937e-01   4.5009215327074337e-01   4.6687974813726951e-01
   3.3842906845000875e-01   7.3843281212469997e-02   1.5272218840547891e-01   9.2881724554820499e-01   6.2669054226221899e-01   3.9607300890964087e-01
   7.4276429018333379e-01   1.9605333969215497e-01   6.1814408690729616e-01   8.2196838996798327e-01   4.5913967157505092e-01   4.4755911013289906e-01
   9.5687067405911463e-01   1.2478398901325403e-01   9.3651750930928834e-01   8.8268755220178763e-01   4.1196052373772352e-01   4.1677198262714699e-01
   5.7672972607279227e-01   6.5032615728841137e-01   3.6673951408987415e-01   5.2187553549026588e-01   5.1053620013638779e-01   7.0491796636116522e-01
   8.5760093971790174e-01   1.6418151408776352e-01   7.8901659518744882e-01   8.4858797722741885e-01   4.3180174924065512e-01   4.3351950657303717e-01
   4.8294968978383856e-01   4.0505857415758595e-01   2.6644775903690276e-01   6.6693774439780262e-01   5.4855462531703481e-01   5.5159487412668673e-01
   5.2020409884009999e-01   7.9755984598513896e-01   3.0337038301235503e-01   4.5042673481308171e-01   5.3248343755244631e-01   8.1673535946773923e-01
   5.9722060518459463e-01   1.9433578479455252e-01   3.9213539159672772e-01   8.2338137889751617e-01   5.0322249395811258e-01   4.4679106256206846e-01
   6.9064175956122331e-01   8.1344593396856471e-02   5.2702498877067860e-01   9.2187596433438967e-01   4.7351542020394383e-01   3.9905524756473898e-01
   7.6301036748143825e-01   1.7462371435152102e-01   6.5709310026935186e-01   8.3977295583582567e-01   4.5391605090373177e-01   4.3807012194777345e-01
   0.0000000000000000e+00   2.3932126954877855e-01   6.0663781298129382e-02   7.8716195058054339e-01   1.0000000000000000e+00   4.6734911526163819e-01
   2.7970833649796859e-02   2.5723961878693730e-01   6.4729492124752847e-02   7.7318292241274189e-01   9.5219614311435286e-01   4.7579871529425766e-01
   7.2650305415948901e-01   2.6871994161799750e-01   5.8834871220089868e-01   7.6435729034169997e-01   4.6347619629335535e-01   4.8129251309552462e-01
   4.5089267240003306e-01   6.9367850644104256e-01   2.3742385486361742e-01   4.9973440762375126e-01   5.6355334268898083e-01   7.3614991395272866e-01
   9.3826270862352101e-01   1.5138579693013335e-01   9.0328041143643811e-01   8.5951603603800475e-01   4.1545448278757213e-01   4.2800765284986020e-01
   7.2910413181403277e-01   6.4457014218472719e-01   5.9302835122330522e-01   5.2488812088062431e-01   4.6277383082940771e-01   7.0087210309548886e-01
   6.9913803487887038e-01   2.0277973916922876e-02   5.4102989117541056e-01   9.7992624150839491e-01   4.7107522206431129e-01   3.7541544004900573e-01
   4.4610324672758966e-01   5.7761363811153144e-01   2.3329165225448986e-01   5.6123608219075583e-01   5.6589490387447494e-01   6.5548073768786219e-01
   4.8352209664598722e-01   8.8553913037782195e-01   2.6698834198632077e-01   4.1249172650017329e-01   5.4829703633075833e-01   8.9184683603899573e-01
   1.6521759106874609e-01   3.0645170329789373e-01   8.8333851448040346e-02   7.3605406630489889e-01   7.7082055662924032e-01   4.9979948214708181e-01
   2.6889069131711618e-01   5.1088007170806526e-01   1.1138122863393864e-01   5.9996733212411257e-01   6.7621130031578136e-01   6.1316578665876542e-01
   6.4629020590694031e-01   1.3936014479965869e-01   4.5882797350637783e-01   8.6991467678865919e-01   4.8692646707115889e-01   4.2289140646470147e-01
   6.1411384928135393e-01   9.5723866780248268e-01   4.1412790433688340e-01   3.8395164154453010e-01   4.9742565485153650e-01   9.5814003995806929e-01
   4.2402426510495023e-01   3.8002247999046757e-01   2.1489301372831690e-01   6.8384603618718898e-01   5.7705071038848543e-01   5.3795653071642979e-01
   3.5364072083514736e-01   6.4350888506761228e-01   1.6279218340040102e-01   5.2544545782118612e-01   6.1704485265428555e-01   7.0012869213275231e-01
   9.4378299889638839e-01   2.8511528711701933e-01   9.1285378843640896e-01   7.5192756176140829e-01   4.1440787017821146e-01   4.8924851259564939e-01
   3.7831497372184819e-01   3.3934374437046078e-01   1.7998924052206194e-01   7.1223757934697407e-01   6.0219566926268664e-01   5.1651225916601906e-01
   1.8957506741984759e-01   4.0533281620771633e-01   9.3242778687559091e-02   6.6675486710093823e-01   7.4593503837456421e-01   5.5174616538007215e-01
   6.3159737751202494e-01   9.2775458642162267e-01   4.3794459905949334e-01   3.9544064202180351e-01   4.9163563361621737e-01   9.3030255891390756e-01
   2.7907479857981649e-01   5.7735441764628403e-01   1.1698535976794543e-01   5.6138158492692369e-01   6.6835188494802888e-01   6.5531084568677112e-01
   4.6116253755687153e-01   2.3326496634227628e-01   2.4645978813197750e-01   7.9194370729438768e-01   5.5862275915720827e-01   4.6452726094418129e-01
   4.2878963534899443e-02   2.0119574526617556e-01   6.6991196300185643e-02   8.1775234473586611e-01   9.2844895964804963e-01   4.4986656845388479e-01
   5.2447650370798937e-01   7.3806477628486067e-01   3.0783906192029575e-01   4.7803813167924791e-01   5.3072651631804346e-01   7.6956087138730722e-01
   4.5144899394985621e-01   8.2248514164578446e-01   2.3790717814700194e-01   4.3933847837064954e-01   5.6328311245245932e-01   8.3734855762185134e-01
   4.8679998003236785e-01   4.4357869085444807e-01   2.7009957027545306e-01   6.4173573301416953e-01   5.4682859620558155e-01   5.7325690661411177e-01
   6.2102570672433610e-01   2.1811994575494581e-01   4.2341234934885963e-01   8.0402899601762656e-01   4.9511181624560746e-01   4.5754499277209826e-01
   5.8529282154099516e-01   8.5746962911759039e-01   3.7718612900791504e-01   4.2423419517892719e-01   5.0744103754520142e-01   8.6716121744095520e-01
   1.3764847328283863e-01   7.6311877893016755e-01   8.3058665029688283e-02   4.6621015089304541e-01   8.0129026497040556e-01   7.8908500912464818e-01
   8.8100332965001416e-01   3.5772400259006443e-01   8.1745397841142253e-01   6.9926604399282843e-01   4.2684480281221582e-01   5.2609367254677564e-01
   2.8909179916106426e-01   4.7661716626157580e-01   1.2264174743454337e-01   6.2088017768015946e-01   6.6083647196788009e-01   5.9251278168676202e-01
   1.3588720729988135e-01   6.1814095430600824e-01   8.2731439576832086e-02   5.3894543104298120e-01   8.0332552676615354e-01   6.8259126060223285e-01
   7.2380244542672822e-01   3.5489734330382378e-01   5.8352418147016771e-01   7.0124542705244730e-01   4.6420901299309975e-01   5.2460868474786937e-01
   7.2045547220659012e-01   4.0617424988873319e-01   5.7759288015318155e-01   6.6619407306735900e-01   4.6512231815607086e-01   5.5221061856286735e-01
   7.2769487801473232e-01   4.0417294435336613e-02   5.9048891750241661e-01   9.6038859070756422e-01   4.6315395189955960e-01   3.8305269838785561e-01
   1.4186306721291925e-01   7.5433305042522977e-02   8.3846389272996036e-02   9.2734157747861290e-01   7.9646449830257071e-01   3.9670327536880734e-01
   9.3420340216858944e-01   4.3690540813880341e-01   8.9639237763549107e-01   6.4603253794064608e-01   4.1622963068512908e-01   5.6944413720109099e-01
   8.3834461248267056e-01   3.7893791319025977e-01   7.6830840228576303e-01   6.8458811523890128e-01   4.3602335493351846e-01   5.3737339720404453e-01
   3.0247148896977277e-01   2.4850868507102544e-01   1.3042680349511959e-01   7.7996308677091031e-01   6.5111790203289344e-01   4.7166263046432527e-01
   4.9712143504149980e-01   6.1127175170338888e-01   2.8007181187612396e-01   5.4266030088992334e-01   5.4227747673300675e-01   6.7791847048355458e-01
   4.6754385006709409e-01   6.0990752316481289e-01   2.5219718769254013e-01   5.4340111876669839e-01   5.5561971442855174e-01   6.7699426531616358e-01
   6.7506349054489379e-01   2.4750801646840259e-01   5.0215267317784573e-01   7.8074396197653717e-01   4.7809423898800490e-01   4.7119088854701613e-01
   7.5037586722297142e-02   5.2082525991830542e-01   7.2105772774603741e-02   5.9403011638594438e-01   8.8095704395595298e-01   6.1929425970791896e-01
   6.4031251832188596e-01   5.8018034508715233e-01   4.5023372502111958e-01   5.5979740075030537e-01   4.8882555387160775e-01   6.5716532566669239e-01
   3.2652134033107699e-01   9.4957927659678310e-01   1.4510971913781434e-01   3.8690376868701604e-01   6.3451870790644116e-01   9.5082930419588818e-01
   7.3310791381264906e-01   6.1352014454908965e-01   6.0029527983676134e-01   5.4144155797160864e-01   4.6169923963224518e-01   6.7944441233809516e-01
   3.1827720837369228e-01   2.8415435357317065e-01   1.3997412011288846e-01   7.5265046145170311e-01   6.4008714770102781e-01   4.8877860310067561e-01
   7.5697180631186567e-01   4.4766370241638392e-01   6.4525517879773897e-01   6.3911958226617027e-01   4.5545423834234539e-01   5.7560345728576623e-01
   3.0685799624052301e-01   1.3783954133711204e-01   1.3303775973812176e-01   8.7123847829180057e-01   6.4800872511672369e-01   4.2224884499216286e-01
   4.6465759879331969e-01   7.8303766569347577e-01   2.4959037320790500e-01   4.5701563990188260e-01   5.5697231445407880e-01   8.0496028812148079e-01
   3.3972108360236636e-01   3.3973496147019322e-01   1.5356225930874598e-01   7.1195899432402698e-01   6.2585605970420821e-01   5.1671436712549335e-01
   3.2993847974926066e-01   5.0562091568780398e-01   1.4727047445475028e-01   6.0313096566015667e-01   6.3224665097564725e-01   6.0994951696565614e-01
   3.3212538102328948e-01   3.9784949733903796e-01   1.4866330399749766e-01   6.7176312219174705e-01   6.3080348197159342e-01   5.4763268333511661e-01
   2.6328029252767321e-01   7.1491967967792192e-01   1.0964077835369915e-01   4.8923140544232713e-01   6.8063811819629194e-01   7.5195385471795850e-01
   6.3532700447800117e-01   7.6906339683168334e-01   4.4316908466756522e-01   4.6344693096483208e-01   4.9042699972458881e-01   7.9378978819768742e-01
   5.7703098523947427e-01   0.0000000000000000e+00   3.6710305951547850e-01   1.0000000000000000e+00   5.1042634389202191e-01   3.6787944117144233e-01
   8.3708839100368071e-01   6.4817653566686562e-01   7.6703940433459128e-01   5.2299857704986807e-01   4.3630341401518763e-01   7.0340428696111912e-01
   9.2140582182721842e-01   5.8865268676224924e-01   8.7550393594962606e-01   5.5507464057142919e-01   4.1870463997613072e-01   6.6275670744518944e-01
   5.4372189299703566e-01   5.5268182647384789e-01   3.2859989580208826e-01   5.7540460401870952e-01   5.2301811870139980e-01   6.3934045470286249e-01
   5.5125883705151502e-01   7.0223210087158494e-01   3.3701989237997765e-01   4.9547811144419668e-01   5.2008812113400871e-01   7.4247364853144437e-01
   6.7691082618363774e-01   5.6342806046076799e-01   5.0504870319865736e-01   5.6925427712007148e-01   4.7754403268890588e-01   6.4624800543017502e-01
   4.1315615153323421e-01   1.9391402492578827e-01   2.0621616092010120e-01   8.2372872136223019e-01   5.8276954766020317e-01   4.4660266375447810e-01
   7.5206628545638887e-01   3.0214851682382327e-01   6.3577796251025454e-01   7.3922826890188031e-01   4.5671609196759744e-01   4.9765337264215465e-01
   2.6676367876602886e-01   8.5552863007756830e-01   1.1047719862726364e-01   4.2505843300815693e-01   6.7788135759916845e-01   8.6547969079908282e-01
   2.4791465336254220e-01   3.8143909538838761e-01   1.0601998505321693e-01   6.8287797520945526e-01   6.9312864580955835e-01   5.3871914826159795e-01
   7.3496216143312766e-03   1.9334426230818838e-01   6.1710157031994783e-02   8.2419818492339936e-01   9.8700990960402502e-01   4.4634827872817129e-01
   5.5364744802771781e-01   4.2751825256276133e-01   3.3972327568196103e-01   6.5212549892591143e-01   5.1916965402370863e-01   5.6412368750702302e-01
   5.0213024046173349e-01   9.4962426931436295e-01   2.8500880908394038e-01   3.8688636122662834e-01   5.4010789350951149e-01   9.5087208555265612e-01
   5.8723827975505305e-01   4.2207677393271463e-02   3.7959248477013885e-01   9.5867066567251580e-01   5.0674568707886614e-01   3.8373912370977958e-01
   6.4534667496719966e-01   8.8710523832576160e-01   4.5746239392675025e-01   4.1184622552288219e-01   4.8722471155464331e-01   8.9324465874218129e-01
   1.9215661531968189e-01   4.5238884570510474e-01   9.3777209516112139e-02   6.3610677424171680e-01   7.4340216754749455e-01   5.7832970197492406e-01
   3.7297332769666941e-01   8.8026385659703665e-01   1.7617294775648926e-01   4.1467348291138245e-01   6.0532999405620391e-01   8.8715448740198266e-01
   6.8257807349000399e-01   1.7442632734136365e-01   5.1402217755640167e-01   8.3993873246932793e-01   4.7586834884455681e-01   4.3798366112956483e-01
   1.8496558071405872e-01   9.7484254686636129e-02   9.2295360079421102e-02   9.0711662427886530e-01   7.5050629322220630e-01   4.0554811953082343e-01
   2.1310011582196731e-01   1.6420394170991004e-01   9.8216449783478391e-02   8.4856894563032503e-01   7.2355310821402574e-01   4.3352922949375433e-01
   5.6382662595167343e-01   3.7524460433443924e-01   3.5143573021733560e-01   6.8712118541338874e-01   5.1530896320074238e-01   5.3539237179845811e-01
   3.4434913128749434e-01   8.8050326725730721e-01   1.5659444037207554e-01   4.1457421754210988e-01   6.2289034341334315e-01   8.8736690707032551e-01
   1.0466494475352987e-01   3.5737968621824823e-01   7.7117958398591896e-02   6.9950685419509884e-01   8.4130948589140786e-01   5.2591256106382256e-01
   5.0839737631637993e-01   4.2280407870027759e-01   2.9127773704247817e-01   6.5520698954249479e-01   5.3742830815979459e-01   5.6147056890879332e-01
   7.0634651237370727e-01   7.3797449643218116e-01   5.5316245227909611e-01   4.7808129083952305e-01   4.6903551759738343e-01   7.6949139868125049e-01
   2.5714809106186265e-01   6.4492676009838934e-01   1.0818241688721696e-01   5.2470096974675662e-01   6.8555762747138860e-01   7.0112209121511015e-01
   9.4793315933562428e-01   2.0628852866038491e-01   9.2020928702811411e-01   8.1359829598769462e-01   4.1362666840425816e-01   4.5216348532889056e-01
   8.1712729527461536e-01   1.9340960194546480e-01   7.4818678584152254e-01   8.2414433387227581e-01   4.4083278046519858e-01   4.4637744391561329e-01
   3.1391813928039508e-01   8.6060279267328521e-01   1.3730228947050921e-01   4.2290708017934736e-01   6.4308205417079645e-01   8.6988243614987770e-01
   5.3818816828284222e-01   4.5160566561851218e-01   3.2252286432058652e-01   6.3660515553592767e-01   5.2520071235328192e-01   5.7787694298790604e-01
   4.2191003568339447e-01   2.4685843742019620e-01   2.1318586148947188e-01   7.8125128165052748e-01   5.7815114405155499e-01   4.7088491220677914e-01
   2.7196425612463665e-01   2.0782278491892722e-01   1.1305721566686079e-01   8.1235098480230739e-01   6.7381562957556684e-01   4.5285775244178350e-01
   2.4557741165235764e-01   1.7642795555088595e-01   1.0547891714835944e-01   8.3825916889982355e-01   6.9507692391424658e-01   4.3886121956085150e-01
   4.3530051356687155e-01   7.8282666993395866e-01   2.2415789439082526e-01   4.5711207843763813e-01   5.7127768610406782e-01   8.0479046283094569e-01
   2.2250970261391378e-01   5.8693447272459986e-01   1.0027227775410547e-01   5.5602919744246826e-01   7.1502497860928671e-01   6.6161892732171923e-01
   6.6894673688506945e-01   8.3595278054660782e-01   4.9266416520325307e-01   4.3346129113850684e-01   4.7993022545953024e-01   8.4870194569205792e-01
   7.0943677062082622e-01   1.0579973519855866e-01   5.5843526985772107e-01   8.9960478921184484e-01   4.6816955545068301e-01   4.0893450722260627e-01
   7.9349356199805188e-01   7.2860934934482624e-01   7.1985777278992047e-01   4.8257962334321319e-01   4.4639629837179712e-01   7.6231863795418586e-01
   6.7079442325478500e-01   3.8336859881557867e-01   4.9551415792510889e-01   6.8156163017046156e-01   4.7937331848033349e-01   5.3975961217099921e-01
   2.8941712270455983e-01   5.3682696064255819e-01   1.2282789243769091e-01   5.8460027222632194e-01   6.6059588248444179e-01   6.2928373223374356e-01
   6.4173522754913648e-01   6.4873306437292289e-01   4.5226688432140338e-01   5.2270759430614799e-01   4.8837149541189034e-01   7.0379586058965238e-01
   7.7221644082348329e-01   8.5409134584786794e-01   6.7551207649297462e-01   4.2566980204090887e-01   4.5160252308142229e-01   8.6423664400813505e-01
   5.7969934690365965e-01   7.9044730455021128e-01   3.7033571375663621e-01   4.5364183383650952e-01   5.0945639748020011e-01   8.1094690509523071e-01
   9.2834235291609912e-01   5.5386682498360762e-01   8.8667116977102212e-01   5.7472315425865572e-01   4.1735720311402452e-01   6.4009852125407352e-01
   4.7158356893843745e-01   2.5968566157972994e-01   2.5587884076330675e-01   7.7129399503826646e-01   5.5374210340614327e-01   4.7696396385556017e-01
   2.9069875339988782e-01   8.0446717858496442e-01   1.2356273134548906e-01   4.4732620805613599e-01   6.5965017337298237e-01   8.2239635090925933e-01
   4.5694861597998176e-01   9.5616587413360743e-01   2.4272295825946844e-01   3.8436376345609663e-01   5.6063113761059902e-01   9.5711270454729747e-01
   4.6074958777028985e-01   5.4531857988438837e-01   2.4609177887589342e-01   5.7965708683340433e-01   5.5881867693125586e-01   6.3465012250798591e-01
   1.3873296851014816e-01   3.3358543317347999e-01   8.3260727442362209e-02   7.1635069591235379e-01   8.0004252903299899e-01   5.1354656772254015e-01
   8.1257155426979433e-01   9.7926869900627753e-02   7.4422425553069427e-01   9.0671520950279161e-01   4.4188791683220074e-01   4.0572766102950175e-01
   5.1627136990252598e-01   6.6053316248526961e-01   2.9930088888524420e-01   5.1657584219729091e-01   5.3411578390335746e-01   7.1214991317952814e-01
   3.5604594025936709e-01   8.3940742463701179e-01   1.6442083536027902e-01   4.3196642026079740e-01   6.1555488958850058e-01   8.5163897913485287e-01
   1.0288221692121530e-01   4.7344172168279192e-01   7.6807896265195005e-02   6.2285488189702964e-01   8.4359186424153121e-01   5.9063427431280879e-01
   3.2812671682485195e-01   7.2617811018493683e-01   1.4612248248840437e-01   4.8375431722350409e-01   6.3344869318592389e-01   7.6046751020823389e-01
   5.2247086359157521e-02   2.7349146870275126e-01   6.8447320823133234e-02   7.6071882624660991e-01   9.1410333709748304e-01   4.8359450098870443e-01
   3.6639861689101272e-01   5.2441879649400824e-01   1.7154733619603271e-01   5.9189927835089884e-01   6.0924789268162050e-01   6.2152371970514608e-01
   7.7062155629038676e-01   7.9573900009118925e-01   6.7228858670324432e-01   4.5124763962746378e-01   4.5200063353390318e-01   8.1524956335539467e-01
   4.2582147451752522e-01   6.7767954383891549e-01   2.1635156110115719e-01   5.0779393988628951e-01   5.7611980582715050e-01   7.2446599353631846e-01
   4.4648949038176294e-01   5.0609687891175215e-01   2.3362299125094466e-01   6.0284396580738386e-01   5.6570505835289531e-01   6.1023989960444325e-01
   3.2126056838574801e-01   8.0779415170880076e-01   1.4182003509574301e-01   4.4584043871215062e-01   6.3805772553161200e-01   8.2513699796746676e-01
   5.0157702766075585e-01   7.1402296122626208e-01   2.8446035057707397e-01   4.8967030502598619e-01   5.4034628820868902e-01   7.5127986605583408e-01
   7.4801402182559029e-01   7.6211134022774996e-01   6.2804223182395447e-01   4.6668006570795634e-01   4.5776688314620612e-01   7.8829045464662628e-01
   8.1793508654470964e-02   6.7600323891559247e-02   7.3222702050598748e-02   9.3463394979735237e-01   8.7158623276253810e-01   3.9360804435919117e-01
   6.4519868124217439e-01   2.0319886368800855e-01   4.5724851045538906e-01   8.1611592946359157e-01   4.8727154263521949e-01   4.5076860760852744e-01
   2.4476179241274823e-01   2.3139813006521390e-01   1.0529069705283654e-01   7.9342351738836836e-01   6.9575988055049853e-01   4.6366087355508917e-01
   5.8243018816876435e-01   1.4732129059314059e-01   3.7366762811353527e-01   8.6301665373539116e-01   5.0846945567431290e-01   4.2627154363609476e-01
   2.7969411702974412e-01   3.2438066795927822e-01   1.1733088823998880e-01   7.2297497658178700e-01   6.6788112538683031e-01   5.0884118135149004e-01
   9.2646796529837561e-01   5.1991945815200036e-01   8.8361767112914469e-01   5.9456843368217760e-01   4.1771991321087015e-01   6.1873355585522005e-01
   4.9484642743222879e-01   1.1165467218658406e-01   2.7785064727909120e-01   8.9435304916300307e-01   5.4327124507616698e-01   4.1133581589030099e-01
   3.3105663701061039e-01   7.6589488850585963e-01   1.4798164682683373e-01   4.6491769525815474e-01   6.3150770472980711e-01   7.9127863904420759e-01
   9.2757846044775310e-03   9.0814016564065014e-02   6.1986940721179717e-02   9.1318753286175491e-01   9.8365729230441779e-01   4.0285201881652782e-01
   5.0671733695261045e-01   4.7957940658342557e-01   2.8958713704555011e-01   6.1904370276572063e-01   5.3814284563201009e-01   5.9427054911932065e-01
   4.2881550365513543e-01   9.2584990947859447e-01   2.1879654658350539e-01   3.9619454643926183e-01   5.7457814171930077e-01   9.2853231948219073e-01
   8.9027438739263509e-01   4.3910862078569407e-01   8.2974837778077026e-01   6.4461075769998333e-01   4.2493143348411683e-01   5.7070012682391780e-01
   7.0341386009988227e-01   2.2302591488979673e-01   5.4819845464305261e-01   8.0009411467507885e-01   4.6986198771072935e-01   4.5979520961835785e-01
   4.7925418432578898e-01   6.8265143534977701e-01   2.6297705517905368e-01   5.0527550937684007e-01   5.5022600909730079e-01   7.2807692901077004e-01
   3.3713613592587810e-01   4.4066894972328734e-02   1.5188431052712914e-01   9.5688994420564844e-01   6.2752849965281898e-01   3.8445324187917285e-01
   6.0697350178826437e-01   8.1209813414251131e-01   4.0471262392644336e-01   4.4392567281089917e-01   4.9985095805743363e-01   8.2869602661648589e-01
   8.3331163694453747e-01   2.6180352657569805e-01   7.6328371723577182e-01   7.6966222702667220e-01   4.3714890234524229e-01   4.7797517957015923e-01
   3.1979446584778254e-01   6.5370273898274034e-01   1.4091113672920219e-01   5.2011635179555693e-01   6.3905299019344841e-01   7.0730220248111975e-01
   4.4985786418478468e-01   1.8959724270387224e-01   2.3652668666924817e-01   8.2729226484910567e-01   5.6405696378194126e-01   4.4467893246716361e-01
   6.8532450566182304e-02   4.8167427789827172e-01   7.1044473180983073e-02   6.1774824325440425e-01   8.9017262557689403e-01   5.9551677433089889e-01
   7.8673357360128621e-02   3.8817575321290171e-01   7.2704984245487353e-02   6.7829312059229396e-01   8.7588903027696574e-01   5.4236056655005649e-01
   5.4381993768364623e-01   3.5015364054191950e-01   3.2870836312282964e-01   7.0457982937552666e-01   5.2297968945816975e-01   5.2212599031893381e-01
   5.4003138995101840e-01   9.4966168757875602e-01   3.2453727634084506e-01   3.8687188488131541e-01   5.2447073113253795e-01   9.5090766620143619e-01
   4.0558660009554748e-01   1.3444038157713348e-01   2.0031549475371402e-01   8.7420499604611124e-01   5.8684546636607526e-01   4.2081599034013983e-01
   7.9280343849101109e-01   3.6610268063815032e-01   7.1837944648730623e-01   6.9343159555535205e-01   4.4656216127571047e-01   5.3052016021395276e-01
   4.1036922125990982e-01   5.0065222704348677e-01   2.0403021351820552e-01   6.0613519299472840e-01   5.8426120560296524e-01   6.0692638444876079e-01
   3.9550596691615003e-01   4.3643988379154719e-01   1.9263470242235856e-01   6.4633335182883911e-01   5.9239568099651851e-01   5.6917910878419831e-01
   3.9424386100332909e-01   7.2772460554030216e-01   1.9168708743707089e-01   4.8300677160568178e-01   5.9310061615863918e-01   7.6164447953490111e-01
   8.9729607887581864e-01   1.0235631386723690e-01   8.3945947701835166e-01   9.0270784703440732e-01   4.2350067795497665e-01   4.0752879503596506e-01
   2.7478723753864820e-01   1.2109948359663522e-01   1.1460820168570973e-01   8.8594581813222184e-01   6.7163341595986736e-01   4.1523920948915033e-01
   8.7552441660430899e-02   9.9941184614755985e-02   7.4186791450147047e-02   9.0489063796234448e-01   8.6375547360501470e-01   4.0654574789263209e-01
   3.5256239256092664e-01   1.0614822737649460e-01   1.6206528140354223e-01   8.9929133860028621e-01   6.1771591379970314e-01   4.0907704253443955e-01
   5.6528151844600139e-01   7.5459719451700424e-01   3.5313548014117835e-01   4.7019997571847938e-01   5.1476412283268480e-01   7.8238932405156281e-01
   2.4463521768691124e-01   6.8411333469827973e-01   1.0526151496996448e-01   5.0453738710056162e-01   6.9586601062436304e-01   7.2914208258290802e-01
   1.1629569853875528e-01   7.3571960404677050e-01   7.9168206935430641e-02   4.7916052902754480e-01   8.2672732993088793e-01   7.6775823317094338e-01
   6.7749214325678764e-01   2.0721487668289099e-01   5.0596296035044996e-01   8.1284496979007925e-01   4.7737130220138674e-01   4.5258254014470772e-01
   9.0510985882738682e-01   2.2500427070215248e-01   8.5067808529340483e-01   7.9851280854172479e-01   4.2192678092980884e-01   4.6070574853179636e-01
   7.0760490837259382e-01   8.6344827451655848e-01   5.5530438918992053e-01   4.2170541622858143e-01   4.6868227842530613e-01   8.7236119578800175e-01
   8.3062434135024432e-01   7.2808654775866344e-01   7.6066549376051906e-01   4.8283198269693411e-01   4.3775372490167225e-01   7.6192020072198563e-01
   3.0843058725149231e-01   3.2425275670921233e-01   1.3398097725507946e-01   7.2306745912946102e-01   6.4690312047591181e-01   5.0877609900236942e-01
   3.4728107979366285e-01   1.6257662168016401e-01   1.5853414620862921e-01   8.4995096305950690e-01   6.2103027428438551e-01   4.3282431241352248e-01
   7.4664237088325633e-02   3.4567464185021241e-01   7.2044487337921917e-02   7.0774271951222212e-01   8.8148079723121286e-01   5.1979261817767008e-01
   2.2454576386879402e-01   2.0345609024454042e-01   1.0072223549830654e-01   8.1590602977036975e-01   7.1321022581818561e-01   4.5088457217919942e-01
   5.2467368732077435e-01   2.7707583292058163e-01   3.0804651237720371e-01   7.5799701380362350e-01   5.3064583834998902e-01   4.8533099005948049e-01
   6.1632673240542690e-01   3.4519036399260628e-01   4.1708198552438991e-01   7.0808554664525847e-01   4.9668127213232816e-01   5.1954095506449460e-01
   6.3604671970452198e-01   3.7992335332995919e-01   4.4418320568800129e-01   6.8391382692093716e-01   4.9019481585766472e-01   5.3790320752495979e-01
   1.4804176536392832e-01   4.6339677352410380e-01   8.5013281321323936e-02   6.2914295571116452e-01   7.8950154694624308e-01   5.8473108191381140e-01
   8.4248187485351739e-04   2.7858160724905973e-01   6.0782947575268767e-02   7.5685650025268392e-01   9.9849489810598180e-01   4.8606233949054034e-01
   3.5311055954350407e-01   2.9030113513971390e-01   1.6243454897997778e-01   7.4803827304835213e-01   6.1737454242300605e-01   4.9179227109902590e-01
   1.8250333662644722e-01   8.2209366900423331e-01   9.1792846115886506e-02   4.3951050103419870e-01   7.5297398979680696e-01   8.3702082272390865e-01
   6.2001382999456400e-01   7.3092615737217148e-01   4.2204253065995079e-01   4.8146287314545200e-01   4.9544850243425731e-01   7.6408683138544797e-01
   7.3142083976464944e-01   1.6646922780764761e-01   5.9722376166435054e-01   8.4664886977646181e-01   4.6215107747320594e-01   4.3451241040287747e-01
   6.1888022551294893e-02   1.6742162502026464e-01   6.9974609223148340e-02   8.4584290761180225e-01   8.9978551504377213e-01   4.3492643593848024e-01
   2.1409018454433607e-01   6.8070839996271271e-01   9.8430945523268767e-02   5.0625823199500786e-01   7.2264470983632001e-01   7.2666362326937906e-01
   1.2278325927969905e-01   5.6561474277685475e-01   8.0332713723882704e-02   5.6801085883478286e-01   8.1882022263732002e-01   6.4766269068536819e-01
   7.3952448038508728e-02   2.1283705926024701e-01   7.1927773697753758e-02   8.0828782950405031e-01   8.8248105826723511e-01   4.5513420806690352e-01
   3.7520576874367217e-01   9.4373020556502940e-01   1.7776149963736065e-01   3.8917342753971917e-01   6.0401479532900837e-01   9.4528406910283325e-01
   7.0441384769693327e-01   4.6354495216214980e-01   5.4988675270361687e-01   6.2904973707152712e-01   4.6957966082683056e-01   5.8481773298891304e-01
   1.5548536695744081e-01   3.0533810224224023e-02   8.6438344629840305e-02   9.6992763804190374e-01   7.8128577330789228e-01   3.7928545052507190e-01
   1.2139913910858753e-01   2.9286741943319889e-02   8.0082996859147562e-02   9.7113795855338236e-01   8.2049385677654441e-01   3.7881275047619345e-01
   4.0293841745426168e-01   9.3407941143570192e-02   1.9827831278255265e-01   9.1082186278588539e-01   5.8828983633508092e-01   4.0389834302640459e-01
   6.4947497664116449e-01   4.2130754599480136e-01   4.6346256315274381e-01   6.5618826230145100e-01   4.8592392538106072e-01   5.6063093826332344e-01
   2.7411862831443107e-01   3.6034583484846633e-01   1.1423984639191735e-01   6.9743508700136869e-01   6.7214870233593260e-01   5.2747481167479660e-01
   8.6158688618493029e-01   7.1071754100189988e-01   7.9360253289952321e-01   4.9129154912589107e-01   4.3094428302207954e-01   7.4880067004200601e-01
   2.8686676949154760e-01   4.2730217762379730e-01   1.2137276703371440e-01   6.5226642212772656e-01   6.6248779989092632e-01   5.6400180768373864e-01
   8.4856546399909216e-01   4.3709876696194927e-01   7.7900396797891647e-01   6.4590763392543182e-01   4.3376610031739365e-01   5.6955425489507827e-01
   6.1324319786546533e-01   2.7504395926402070e-01   4.1297034909428143e-01   7.5953873372735514e-01   4.9771946397705513e-01   4.8434585997492624e-01
   6.7559895778537479e-02   2.4970434327296334e-01   7.0886986014725720e-02   7.7903107480391376e-01   8.9156693532771658e-01   4.7222691503550035e-01
   5.5614700930143013e-01   2.4072326699349841e-01   3.4257042717890662e-01   7.8605912479735629e-01   5.1821366584716666e-01   4.6800479705172371e-01
   7.9499278491318559e-01   7.6511299922147680e-01   7.2307871535211765e-01   4.6528135157315820e-01   4.4603665710430257e-01   7.9066018856678599e-01
   2.3633779313389369e-01   2.5994136120669570e-01   1.0336455097035920e-01   7.7109680066379260e-01   7.0290799499903545e-01   4.7708593895702350e-01
   2.0634417899664295e-01   6.1469829051719782e-01   9.6764077022365474e-02   5.4080403640359209e-01   7.2982264882117132e-01   6.8024536876218999e-01
   2.4892972588355305e-01   3.1831391965096767e-01   1.0625576170006421e-01   7.2737441544846959e-01   6.9228654743281615e-01   5.0576351512806894e-01
   3.3394931641070165e-02   1.6797356329773452e-01   6.5544585453524776e-02   8.4537618334770648e-01   9.4342250564206254e-01   4.3516655474564286e-01
   8.8885625805532398e-01   3.0572003397851494e-01   8.2782912680777554e-01   7.3659281155026735e-01   4.2522230558362289e-01   4.9943392794885705e-01
   3.7833132833977184e-01   3.7850652144773883e-01   1.8000100591279405e-01   6.8488350460852976e-01   6.0218613908885521e-01   5.3714162875293259e-01
   1.0879744837335471e-01   1.6625028154127736e-01   7.7840972698897962e-02   8.4683426068000833e-01   8.3606751971071469e-01   4.3441728594688050e-01
   5.1410662520081374e-01   9.0682535863502423e-01   2.9707865445096809e-01   4.0380412462339549e-01   5.3502054762591333e-01   9.1103438211420440e-01
   5.8301274559012672e-01   9.2348503826700046e-01   3.7438151170161493e-01   3.9713260427212538e-01   5.0825965969163622e-01   9.2633905454753829e-01
   3.9217449780726188e-01   6.5898573260835791e-01   1.9014004215478686e-01   5.1737582588889786e-01   5.9426134600722946e-01   7.1104876332285649e-01
   2.4336728286490764e-01   2.2021014081145561e-02   1.0496959708231954e-01   9.7821967844752067e-01   6.9693127220919571e-01   3.7607037486230477e-01
   2.3384901748799067e-01   3.4633217955652551e-01   1.0280167513704858e-01   7.0727750495259301e-01   7.0505319479647999e-01   5.2013451381590370e-01
   3.7665274790127290e-01   8.3127225330753174e-02   1.7879603442145633e-01   9.2023406268922758e-01   6.0316638311036774e-01   3.9976725062358287e-01
   7.3705177722975301e-01   3.8307676127458895e-01   6.0752964694120837e-01   6.8176056446747957e-01   4.6064841013706526e-01   5.3960211303625560e-01
   6.0543653509001982e-01   4.8745047333704189e-01   4.0270905152229275e-01   6.1419029426617577e-01   5.0037773039471178e-01   5.9896654930208315e-01
   8.6873556939979968e-01   5.6533532246575158e-01   8.0208994500572439e-01   5.6816959478165951e-01   4.2942014852812116e-01   6.4748174585585461e-01
   7.7824860953612573e-01   6.1187949597015878e-01   6.8782900966932869e-01   5.4233060239958542e-01   4.5010684778911247e-01   6.7833059676833674e-01
   4.9512138395189714e-01   3.2739746818916399e-01   2.7811839631734347e-01   7.2079719212823645e-01   5.4315085973323762e-01   5.1037857137766596e-01
   6.4654633697990227e-01   6.1752572475465672e-01   4.5919926243164078e-01   5.3927710821706243e-01   4.8684560273467636e-01   6.8217143944364977e-01
   8.2215549694548828e-01   4.8184424698312761e-01   7.5270565790057642e-01   6.1764325407353726e-01   4.3967757302727284e-01   5.9561800237462359e-01
   1.5922538141142922e-01   1.1651793600531475e-01   8.7162410877735783e-02   8.9001413353528847e-01   7.7722749793978996e-01   4.1334112269673995e-01
   3.4932211369471450e-01   8.0455173392246659e-01   1.5989311182199825e-01   4.4728838583669800e-01   6.1974391107594196e-01   8.2246589185025842e-01
   5.9659630898286331e-01   4.0851117830797051e-01   3.9134125638425410e-01   6.6463904291006259e-01   5.0344066660734843e-01   5.5350260430190057e-01
   9.5573671261775384e-01   3.7802071606607313e-01   9.3441264727032558e-01   6.8521630553257729e-01   4.1217070468753364e-01   5.3688074583326184e-01
   7.9325401661259931e-01   4.5363592887603510e-01   7.1934432862015008e-01   6.3531399062494431e-01   4.4645384786857678e-01   5.7905137711443677e-01
   3.7741829327974141e-01   2.5760551669919007e-01   1.7934493481545655e-01   7.7290006814668999e-01   6.0271879928341132e-01   4.7597284090499248e-01
   4.9944053676342576e-01   7.7048192399836779e-01   2.8234964227572845e-01   4.6278998496097867e-01   5.4126982515777011e-01   7.9491659959422201e-01
   2.3219180045525487e-01   8.9120014760464783e-01   1.0242842032825709e-01   4.1016320086095198e-01   7.0649020238447668e-01   8.9690991390560137e-01
   2.6588222050620397e-01   2.5422322942805659e-01   1.1026499448761283e-01   7.7551866413461457e-01   6.7857638720533819e-01   4.7436568348996672e-01
   6.6394466914619099e-01   5.0818267901864345e-01   4.8501830070531782e-01   6.0158786424284849e-01   4.8144803672216541e-01   6.1151406641896133e-01
   3.9386130365537932e-02   7.8585381966546491e-02   6.6455235692352510e-02   9.2442312749735112e-01   9.3390993405735756e-01   3.9795568742139298e-01
   7.0384448398358690e-01   3.3497137664415577e-01   5.4892493505620865e-01   7.1535856202219428e-01   4.6974034416668464e-01   5.1425880768311638e-01
   6.0180456068900889e-01   6.1276454764199717e-01   3.9800657215086632e-01   5.4185082413883656e-01   5.0162926879557890e-01   6.7893122014922280e-01
   3.6489155824731290e-01   9.1373156060841265e-01   1.7049805465581122e-01   4.0102497949592086e-01   6.1015543487323232e-01   9.1734794584082580e-01
   4.6061284348034109e-01   6.5924785075020509e-01   2.4597000330386545e-01   5.1724023007061748e-01   5.5888359594294335e-01   7.1123516653222563e-01
   5.2710848359114248e-01   2.2189874511034613e-01   3.1061692247953043e-01   8.0099646503734900e-01   5.2965258932375425e-01   4.5927723433122614e-01
   4.9640408126363839e-01   3.7466444719342623e-01   2.7937001180166043e-01   6.8751993933463074e-01   5.4259026516817099e-01   5.3508185017509358e-01
   6.7522206826308551e-01   1.4510008266252161e-01   5.0240071599394431e-01   8.6493572370862659e-01   4.7804693105199947e-01   4.2532575668636730e-01
   2.7532381518460292e-01   2.9311226986254280e-01   1.1490427277668239e-01   7.4593838959548187e-01   6.7122058184149724e-01   4.9317671043977407e-01
   8.7231991569516198e-01   1.1876537109240919e-01   8.0647377547883436e-01   8.8801613057553597e-01   4.2866248947453939e-01   4.1427112470695138e-01
   6.7056776460736478e-01   7.5705600474612944e-01   4.9516379330454985e-01   4.6904526339943747e-01   4.7944152702760112e-01   7.8431543792855096e-01
   1.9149889696177141e-01   5.3620120425310280e-01   9.3640786911772356e-02   5.8496620406209632e-01   7.4404564036780996e-01   6.2889007709647193e-01
   8.0294017501573700e-01   5.2670999591003220e-01   7.3625438639848495e-01   5.9054467149980405e-01   4.4414558430457829e-01   6.2294938710926018e-01
   1.6933412932630121e-01   1.8518433061770473e-01   8.9146783444756697e-02   8.3095110000477646e-01   7.6648588665877371e-01   4.4272092686239622e-01
   6.5638377030640394e-01   7.2665192353231267e-01   4.7365174104123198e-01   4.8352516226377928e-01   4.8377083429507078e-01   7.6082791524043103e-01
   3.4316481207724797e-01   4.7856476298021910e-01   1.5581506363317724e-01   6.1967213025989176e-01   6.2364580239424716e-01   5.9366788210590160e-01
   5.6224821846154782e-01   5.9669925509106506e-02   3.4959900645161340e-01   9.4207543734109001e-01   5.1590200983607426e-01   3.9049892035158440e-01
   4.8017745476848411e-01   2.6975387118836746e-02   2.6384103236258827e-01   9.7338519904373388e-01   5.4980707420028452e-01   3.7793819089590819e-01
   3.7136649817656547e-01   2.1240940382965337e-01   1.7503521585469486e-01   8.0863357210790221e-01   6.0628134395324285e-01   4.5493960906480063e-01
   3.6099913301545045e-01   5.8495805835363091e-01   1.6780676028811728e-01   5.5712922823922995e-01   6.1251601514577592e-01   6.6031258552724104e-01
   7.6805049408551562e-01   5.2806348240109624e-01   6.6712094476826489e-01   5.8974591793757536e-01   4.5264477816213061e-01   6.2379311154533901e-01
   7.6349303447543315e-01   6.2291606927823852e-02   6.5804758001438191e-01   9.3960885038735631e-01   4.5379381483624648e-01   3.9152402727984414e-01
   2.0801654206536113e-01   1.3458952389026413e-01   9.7121771482860719e-02   8.7407462481302578e-01   7.2825908578720588e-01   4.2087875649076961e-01
   7.1967759891750438e-01   7.1210490493086964e-01   5.7622193179583758e-01   4.9061042154719464e-01   4.6533539338109453e-01   7.4984025005276800e-01
   5.2532245967662117e-01   1.3431459230985129e-01   3.0872982053319065e-01   8.7431496856855484e-01   5.3038064543696772e-01   4.2076305953418774e-01
   5.2421982333025241e-01   5.0768476357624326e-01   3.0756917714421395e-01   6.0188747871556181e-01   5.3083159129771063e-01   6.1120965991268561e-01
   4.4716235357566020e-01   7.2633744030261882e-01   2.3420100139993516e-01   4.8367724673120005e-01   5.6537475932512693e-01   7.6058868523928835e-01
   4.9984337271276669e-01   5.6209819372607817e-01   2.8274671680761765e-01   5.7001181304606285e-01   5.4109534309203200e-01   6.4538915291166754e-01
   4.4041897171381988e-01   4.1990074634186142e-01   2.2845364584606848e-01   6.5711203735197776e-01   5.6870955970528059e-01   5.5984279736210352e-01
   2.3678194011623721e-01   7.7023790826145300e-02   1.0346529675610776e-01   9.2586782618398489e-01   7.0252677839458533e-01   3.9733472831395134e-01
   2.5166021591233029e-01   5.6735247814247014e-01   1.0689236876343290e-01   5.6702466339884516e-01   6.9003342034897652e-01   6.4878913549599149e-01
   8.0524265475661105e-02   6.3128732551222910e-01   7.3011710269978422e-02   5.3190662311197268e-01   8.7333141870847153e-01   6.9162410315390876e-01
   5.1499328644461306e-01   8.8299040872014165e-02   2.9798734268094251e-01   9.1548706773427369e-01   5.3464942445013852e-01   4.0184012875452413e-01
   5.7001431839733507e-01   6.8117825713225333e-01   3.5870995018481799e-01   5.0602041880855642e-01   5.1300358279009917e-01   7.2700513160640412e-01
   3.9264590210799050e-01   6.1823984395633191e-01   1.9049173409171613e-01   5.3889213755289256e-01   5.9399639160047979e-01   6.8265876515100343e-01
   5.3946331022671978e-01   1.7030186169577011e-01   3.2391539850363138e-01   8.4341018493788988e-01   5.2469539169437462e-01   4.3618093276705394e-01
   2.1686449820277823e-01   7.1078995682658253e-01   9.9034260667171040e-02   4.9125597313134955e-01   7.2011321861412958e-01   7.4885489702347208e-01
   1.5843630486879862e-01   5.5293871641996750e-01   8.7009194650368243e-02   5.7525680734553863e-01   7.7807988992246124e-01   6.3950471593544955e-01
   2.0092686831740700e-01   3.2539775540155313e-01   9.5613572567902927e-02   7.2224002163210888e-01   7.3494071237854131e-01   5.0935898060607743e-01
   6.8827342882342113e-01   6.0579025336933856e-01   5.2317711491749996e-01   5.4564305995108642e-01   4.7420270850953483e-01   6.7421262758188572e-01
   4.8750705834478419e-01   6.4957224916929479e-01   2.7077419269876796e-01   5.2226913004206188e-01   5.4651331157710015e-01   7.0438672326241925e-01
   6.1354794327132256e-01   8.9432769737503370e-01   4.1337521426519885e-01   4.0888239896613532e-01   4.9761656472327453e-01   8.9971943547002875e-01
   8.1012946637649419e-01   6.6563096153175724e-02   7.4215133307189207e-01   9.3560388098812719e-01   4.4245687164140785e-01   3.9319999483425688e-01
   6.6468626536965936e-01   1.0110862052317381e-01   4.8614547342222880e-01   9.0383485253921481e-01   4.8122206756515024e-01   4.0702064114691916e-01
   2.6470616884775200e-01   9.1718276297273527e-02   1.0998245121092184e-01   9.1236214738458776e-01   6.7950639857098771e-01   4.0321646642840187e-01
   8.3235769418809424e-01   7.8293811339823216e-01   7.6234916160867017e-01   4.5706113912253538e-01   4.3736329523655615e-01   8.0488015646592970e-01
   1.5008159942493601e-01   2.1387490232371123e-01   8.5401695738535968e-02   8.0744938874713723e-01   7.8723152979844491e-01   4.5560681114918561e-01
   7.9781980001716823e-01   6.3583114241427874e-01   7.2918759537341216e-01   5.2949521944480793e-01   4.4536101667001915e-01   6.9477386699954591e-01
   4.9058632764025820e-02   4.2093514969081458e-01   6.7948661181874648e-02   6.5643266989046856e-01   9.1893721630623770e-01   5.6042220024305955e-01
   5.0449346565325487e-02   3.1675547251739093e-02   6.8165771538070422e-02   9.6882086768411901e-01   9.1682269627898882e-01   3.7971874207336775e-01
   3.2046976571912389e-01   2.1475954911775180e-01   1.4132935846602568e-01   8.0673539709580888e-01   6.3859407216464203e-01   4.5601004058552863e-01
   7.1917261034159252e-01   7.2667397618909169e-02   5.7533344219387805e-01   9.2991006889926531e-01   4.6547388485896951e-01   3.9560754687482980e-01
   4.2335450232277144e-01   5.4042263087470954e-02   2.1435119534927166e-01   9.4739206594193326e-01   5.7739869042941483e-01   3.8830749633276967e-01
   9.7224683226745767e-02   6.6639850912856391e-01   7.5831195208823310e-02   5.1355481416442028e-01   8.5092023699731389e-01   7.1633919306160299e-01
   1.8225247379104673e-01   7.5499446787282853e-01   9.1741786841831596e-02   4.7001321489622283e-01   7.5322642856137856e-01   7.8270020823280206e-01
   1.0700757124431692e-01   2.2635356570496223e-01   7.7527085757099448e-02   7.9743610575767643e-01   8.3832960673801138e-01   4.6132779606449492e-01
   5.9793579668242847e-01   3.7308516264783381e-01   3.9304675609953665e-01   6.8860658678651787e-01   5.0297290780041315e-01   5.3423747061178262e-01
   6.4474109194163731e-01   3.4752213389037051e-01   4.5658772260124048e-01   7.0643637757118238e-01   4.8741642990761447e-01   5.2075381853389024e-01
   7.9868077938476181e-02   4.3811507580534392e-01   7.2902839225987504e-02   6.4525152574580347e-01   8.7423642720728989e-01   5.7013339216243597e-01
   7.1953953844871843e-01   3.0901234284054468e-01   5.7597890611947500e-01   7.3417170820601241e-01   4.6537324311101780e-01   5.0108092842527985e-01
   4.7490432256532089e-01   9.1871999980469721e-01   2.5893439062853946e-01   3.9902947214116946e-01   5.5221208613859352e-01   9.2193551317756595e-01
   6.6408605245513108e-01   4.0918686707809154e-02   4.8523302233319165e-01   9.5990717998750552e-01   4.8140493090336745e-01   3.8324480620744061e-01
   3.7732292517735094e-01   8.0866717884440619e-03   1.7927649618864414e-01   9.9194593738277181e-01   6.0277450898588414e-01   3.7086642256137908e-01
   7.2255731505195608e-01   7.7709429168933375e-01   5.8131146229424013e-01   4.5973994253090938e-01   4.6454811652642208e-01   8.0019029703234656e-01
   5.0165674237802427e-01   1.6040912750723355e-01   2.8453933138364762e-01   8.5179522481048120e-01   5.4031191816611690e-01   4.3188718421530609e-01
   5.2770487181614600e-01   2.0035212898578812e-02   3.1124902954049249e-01   9.8016415827797576e-01   5.2941012886699090e-01   3.7532431487574480e-01
   8.9693019809340757e-01   5.3058595021446076e-01   8.3894485435054356e-01   5.8826017749553128e-01   4.2357484447860860e-01   6.2536859581020499e-01
   7.0012775027161245e-01   4.9895008839048000e-01   5.4268194506546741e-01   6.0716779770455565e-01   4.7079352323067786e-01   6.0589419030824554e-01
   8.5497163403292142e-01   6.2107318385993349e-01   7.8604836540067646e-01   5.3736743397757047e-01   4.3237040280463845e-01   6.8459571218972959e-01
   2.0619869690944986e-01   7.8322169237882178e-01   9.6733017019733677e-02   4.5693154456665036e-01   7.2995903011682539e-01   8.0510843592629566e-01
   1.7176468707164624e-01   6.2845442632380022e-01   8.9629920751339312e-02   5.3341559732965860e-01   7.6395168590709306e-01   6.8966757442618898e-01
   7.7520702831004429e-01   4.1368999925654992e-01   6.8159365250201631e-01   6.6120589381675643e-01   4.5085902739840572e-01   5.5637653053557745e-01
   1.9417618849482074e-01   5.6983798736080293e-01   9.4197228541287120e-02   5.6561706839077752e-01   7.4143417123018995e-01   6.5040371256491003e-01
   4.3608395618310170e-01   7.7217967060018216e-03   2.2481171818506357e-01   9.9230793977726317e-01   5.7088251331084872e-01   3.7073112732930247e-01
   6.8113388219970583e-01   4.2793798656097387e-01   5.1172263322419087e-01   6.5185183711951067e-01   4.7629362339554854e-01   5.6436051909752494e-01
   5.2138077314785147e-01   6.3120030263320215e-01   3.0459613465339147e-01   5.3195291317180737e-01   5.3199786306277175e-01   6.9156391865200018e-01
   7.4002547010470665e-01   8.5385865698621188e-01   6.1303490185495013e-01   4.2576886218723653e-01   4.5986106761420137e-01   8.6403556916208513e-01
   1.7967895388547259e-01   1.5281772737763777e-01   9.1219463177962312e-02   8.5828614962193583e-01   7.5582708292578593e-01   4.2862096904801333e-01
   8.5308850097293121e-01   4.6733337817131404e-01   7.8395010849215030e-01   6.2667113710637290e-01   4.3277916954973222e-01   5.8703747370608106e-01
   1.5964376584800161e-01   4.2218904859296147e-01   8.7243747383980455e-02   6.5561008551295996e-01   7.7677636951810558e-01   5.6112535377427497e-01
   5.8994617527609838e-01   7.2015428850663543e-01   3.8296247792357119e-01   4.8667716147455514e-01   5.0578259216899080e-01   7.5590035919669119e-01
   8.5291620996801532e-01   8.5780115141877208e-02   7.8375928271178075e-01   9.1779601848166581e-01   4.3281663072941806e-01   4.0082919708023468e-01
   1.0523361946186495e-01   5.4280007158504084e-01   7.7217098325440034e-02   5.8111879791048748e-01   8.4058410639463588e-01   6.3305376197468766e-01
   3.4904729592830824e-01   2.4479846665887267e-01   1.5970971584909940e-01   7.8286229519868489e-01   6.1991671104145207e-01   4.6991590146524703e-01
   4.8582352299721515e-01   5.6436608908634403e-02   2.6916997645349061e-01   9.4512639518989405e-01   5.4726485476963871e-01   3.8923835271527707e-01
   2.1905168759498017e-01   2.8683940879275432e-01   9.9512262542216096e-02   7.5063226409984662e-01   7.1813187642565302e-01   4.9009276414810254e-01
   4.9509491259521127e-01   2.4044408871905085e-01   2.7809261050083289e-01   7.8627860606320610e-01   5.4316244645287504e-01   4.6787415851661857e-01
   3.1484809604144925e-01   4.6253203804629872e-01   1.3786978841367992e-01   6.2968723323970732e-01   6.4244014809143901e-01   5.8422566276073629e-01
   2.5830780256957658e-02   1.2145126831924555e-01   6.4410325439409971e-02   8.8563421074091575e-01   9.5570068179425793e-01   4.1538530999573381e-01
   5.8118838912050319e-01   8.8856692273488591e-01   3.7214953554545738e-01   4.1124467606091558e-01   5.0891753529893746e-01   8.9455125521661516e-01
   4.0892909676663525e-01   5.3639550462279451e-01   2.0290680859634788e-01   5.8485255595368224e-01   5.8503610275274220e-01   6.2901228254284447e-01
   8.3143656588645676e-01   5.4686172415644729e-01   7.6145211725467532e-01   5.7876328213226913e-01   4.3757063528571144e-01   6.3563023524247697e-01
   4.7784161808939957e-01   4.7368475885122718e-01   2.6165922129675917e-01   6.2270352340380208e-01   5.5086872937617981e-01   5.9077783783934845e-01
   9.3022148323346576e-01   3.9224879435141735e-01   8.8975925466782835e-01   6.7553602350468822e-01   4.1699460398226063e-01   5.4457412835348107e-01
   1.8909186114630083e-01   2.4292134794017306e-01   9.3143051767273860e-02   7.8433320076745106e-01   7.4641129758748304e-01   4.6903464090450486e-01
   5.9433892900241769e-01   3.1981619400996991e-01   3.8848062895060098e-01   7.2628251988345383e-01   5.0423194936650984e-01   5.0652388168515439e-01
   4.3743355945750584e-01   1.0000000000000000e+00   2.2594115498907555e-01   3.6787944117144233e-01   5.7020354310216059e-01   1.0000000000000000e+00
   4.1566290574727477e-01   5.8896023062412817e-01   2.0819587346715843e-01   5.5490395702052131e-01   5.8143670732293551e-01   6.6296056554853067e-01
   5.6796689338091466e-01   1.0714661473086259e-01   3.5628990875278105e-01   8.9839394554741470e-01   5.1376298528829945e-01   4.0948566382789220e-01
   9.0962241091116647e-01   2.6628554334382948e-01   8.5735750239544539e-01   7.6622030715254452e-01   4.2102645526284088e-01   4.8012228041641070e-01
   6.1987272396561155e-01   4.6605707459339625e-02   4.2185180011506274e-01   9.5446366130849303e-01   4.9549550889162963e-01   3.8543053662945026e-01
   5.5504296312369872e-01   4.8591269559201467e-01   3.4131054933695792e-01   6.1513550901074199e-01   5.1863527624297612e-01   5.9804617971585528e-01
   6.3106268623670303e-01   2.4826620803236915e-01   4.3719980984675622e-01   7.8015223284131452e-01   4.9180965805528343e-01   4.7154827697105395e-01
   5.3952259391113033e-01   9.8415278605481404e-01   3.2398025320578416e-01   3.7375574391726885e-01   5.2467193328765882e-01   9.8427769247306274e-01
   2.9348118661128603e-01   6.9897373161412146e-01   1.2516639729311435e-01   4.9709519518753997e-01   6.5760853788937657e-01   7.4005833235352803e-01
   2.1645117218983800e-01   5.4252536050460570e-02   9.8944164518912525e-02   9.4719287594798385e-01   7.2048906801404422e-01   3.8838915548562980e-01
   1.4019316038204885e-01   2.7069612897998507e-01   8.3533482635783848e-02   7.6284826867036215e-01   7.9836909865653904e-01   4.8224457769649659e-01
   2.7473739289881249e-01   1.7784839434865723e-01   1.1458071917677670e-01   8.3706931830876030e-01   6.7167179712615888e-01   4.3948503800702776e-01
   1.5351517102880588e-01   6.9398692178487731e-01   8.6059087463574366e-02   4.9958030562952921e-01   7.8344225112415433e-01   7.3637698889645287e-01
   9.1507928357840851e-01   1.3221262906588382e-01   8.6563341985214071e-01   8.7615467932096869e-01   4.1994602792700242e-01   4.1987955991578302e-01
   2.4310313693529231e-01   8.0599377885696977e-01   1.0490887562086106e-01   4.4664384072883795e-01   6.9715368339774497e-01   8.2365278019088528e-01
   4.5438756646221307e-01   8.2948919569505744e-02   2.4047179103560401e-01   9.2039816035364597e-01   5.6186172714091809e-01   3.9969597617414998e-01
   7.9383200734919601e-01   5.8065222480355472e-01   7.2058376182284123e-01   5.5953330602696860e-01   4.4631502917872529e-01   6.5747550183136216e-01
   8.9843520267511834e-01   6.7292952314846444e-02   8.4106778341514288e-01   9.3492127386351442e-01   4.2327003980140565e-01   3.9348707902559465e-01
   5.4555041564898743e-01   9.1879393921872554e-01   3.3062739430636168e-01   3.9899996922654685e-01   5.2230278908037853e-01   9.2200368306937208e-01
   2.8516881330177357e-01   6.5488224684673679e-01   1.2040923657504292e-01   5.1950323212923788e-01   6.6375483454455120e-01   7.0813696319780395e-01
   8.5796893313819522e-01   1.9606627390945391e-01   7.8943562046381011e-01   8.2195775851896946e-01   4.3172235421430738e-01   4.4756489899712071e-01
   5.5922041581982906e-01   6.1180153682704608e-01   3.4609691637427387e-01   5.4237288367671688e-01   5.1704535056327094e-01   6.7827771675753246e-01
   6.8772691361412819e-01   7.8195588160216500e-01   5.2229261073210331e-01   4.5751029965989715e-01   4.7436175045292989e-01   8.0408996572299163e-01
   3.9838055557559560e-01   2.2712242703196445e-01   1.9480458004542073e-01   7.9682322361608438e-01   5.9079852149421153e-01   4.6168262955735528e-01
   1.7407836138243998e-01   4.9963761797064837e-01   9.0092011430593547e-02   6.0675049535380121e-01   7.6155651466479135e-01   6.0631090372151863e-01
   7.3202864247121446e-01   6.7390151756626826e-01   5.9832874790325441e-01   5.0971602729439447e-01   4.6198813257095078e-01   7.2173410580038078e-01
   6.3647937807679555e-01   1.7064197908483084e-01   4.4479377558604460e-01   8.4312337524512837e-01   4.9005540056973468e-01   4.3632931071859515e-01
   8.7188370910776980e-01   2.4484764303354850e-01   8.0593566285281804e-01   7.8282379781572531e-01   4.2875446338489837e-01   4.6993901079389538e-01
   8.9783132067426483e-02   3.1423282754119841e-01   7.4563219857184226e-02   7.3034896300899355e-01   8.6076043550403658e-01   5.0370365373807235e-01
   6.1100325253230248e-01   1.5019845371699514e-01   4.1000446527090695e-01   8.6053718267577661e-01   4.9847779151696320e-01   4.2749976244785665e-01
   4.8977977290490199e-01   7.9750563804632058e-01   2.7295103061142900e-01   4.5045115217976617e-01   5.4550343498918630e-01   8.1669108712730942e-01
   6.3439793467972116e-01   3.1332794563945171e-01   4.4186281911518255e-01   7.3101014166676537e-01   4.9072722292285004e-01   5.0324806757488461e-01
   4.2548774407012720e-02   3.3262207460155840e-01   6.6940369772477012e-02   7.1704113101065103e-01   9.2896256098789953e-01   5.1305207645888562e-01
   6.3920847990719154e-01   8.1269425720595936e-02   4.4866123120257018e-01   9.2194526221287676e-01   4.8917880562080568e-01   3.9902525263641858e-01
   9.5961677757042774e-01   2.4862010865684644e-01   9.4165825455698848e-01   7.7987618532849934e-01   4.1145297844936557e-01   4.7171518773391474e-01
   7.5128999777934946e-01   1.1928886852084962e-01   6.3428955301760115e-01   8.8755137807374962e-01   4.5691679768916416e-01   4.1448805135072864e-01
   8.4264154367169908e-01   3.3899789968153116e-01   7.7272415841805397e-01   7.1248394553080985e-01   4.3506977425735877e-01   5.1633365703049960e-01
   3.8640211618512821e-01   5.6674850926400677e-01   1.8586811246572640e-01   5.6736723208885953e-01   5.9753171743934308e-01   6.4839740535778079e-01
   9.0440529048200791e-01   4.9720984164043114e-01   8.4964851470620661e-01   6.0822533941611512e-01   4.2206791966341972e-01   6.0484070184349703e-01
   7.5475778241814506e-01   2.6926160350574740e-01   6.4096242965460770e-01   7.6394337923895272e-01   4.5602238076507584e-01   4.8155328152451182e-01
   8.0129674565866582e-01   3.2714989445805603e-01   7.3494917558814277e-01   7.2097566467010865e-01   4.4453452807207083e-01   5.1025223069043535e-01
   3.0407495945844737e-01   1.0807670853736510e-01   1.3137782574712265e-01   8.9755874337125663e-01   6.4997702053175410e-01   4.0986670108039558e-01
   5.9070198505506477e-01   4.5121580005492196e-01   3.8390738285097703e-01   6.3685339435041355e-01   5.0551476451751443e-01   5.7765169257938409e-01
   7.3313429096360361e-01   5.1310784772688300e-01   6.0034341226478216e-01   5.9863222699929797e-01   4.6169218630551950e-01   6.1453330539098050e-01
   6.3631993935302111e-01   8.0913823484737002e-01   4.4456869354621276e-01   4.4524159463425311e-01   4.9010676224109861e-01   8.2624679635701948e-01
   5.2152455424756439e-01   3.1132480663639461e-01   3.0474617146532818e-01   7.3247592418610663e-01   5.3193861805346565e-01   5.0224100072669686e-01
   8.7950602189275073e-01   6.5789097374758854e-01   8.1552399316808155e-01   5.1794253780848509e-01   4.2715644939147190e-01   7.1027076232821362e-01
   8.2998682758875519e-01   6.8427740759758593e-01   7.6005093500697329e-01   5.0445461297933236e-01   4.3789760473614153e-01   7.2926172485316221e-01
   6.7462919664416232e-01   8.7512320021560353e-01   5.0147389650884677e-01   4.1681066535130412e-01   4.7822387505419284e-01   8.8260563309093665e-01
   9.0341041802047173e-01   3.3820427370477535e-01   8.4820082831916344e-01   7.1304961573359793e-01   4.2226747372887768e-01   5.1592404378896062e-01
   6.5079327121124531e-01   2.8776956551701749e-01   4.6539244729160056e-01   7.4993438307162752e-01   4.8551079769896033e-01   4.9054883930599236e-01
   7.9766819517530618e-01   2.8757985159614785e-01   7.2885881825625054e-01   7.5007666956027208e-01   4.4539716615561853e-01   4.9045578418951413e-01
   1.6517680754574260e-01   5.8767843257060404e-01   8.8325830973362898e-02   5.5561568788269167e-01   7.7086377135988426e-01   6.6211132837759878e-01
   7.9514567340208242e-01   6.6615147227415261e-01   7.2340790941562005e-01   5.1368169680197784e-01   4.4600003356944762e-01   7.1616225273694800e-01
   5.1739429535425097e-01   6.8992907980501950e-01   3.0045859981303735e-01   5.0161164220008314e-01   5.3364820592738005e-01   7.3339494186760201e-01
   6.1092041254038887e-01   6.5099553425581103e-01   4.0989511341705531e-01   5.2152632091809425e-01   4.9850590432291081e-01   7.0538998017171572e-01
   6.7626400640239503e-01   3.4182335977446432e-01   5.0403308283320114e-01   7.1047369185897891e-01   4.7773645553734168e-01   5.1779460011935574e-01
   6.8842302604882810e-01   2.8905050269746602e-01   5.2341945339028473e-01   7.4897437922103172e-01   4.7415920312628407e-01   4.9117760417125900e-01
   6.1026164212090195e-01   9.6842762781465461e-02   4.0902636175040663e-01   9.0769871893492937e-01   4.9872963847717000e-01   4.0528804712107858e-01
   6.8413410864133339e-01   6.5949756068537879e-01   5.1650968826851218e-01   5.1711108617122581e-01   4.7541146329985196e-01   7.1141279119595224e-01
   5.9986158615586216e-01   7.5907845128794338e-01   3.9550933057551729e-01   4.6809760304773873e-01   5.0230271011052097e-01   7.8590327909439073e-01
   8.9269607394990846e-01   3.9159208950397312e-01   8.3305836581029946e-01   6.7597979698409594e-01   4.2443621244674101e-01   5.4421662128475945e-01
   2.9104516021711407e-01   2.0341455173725240e-02   1.2376176221467054e-01   9.7986403653345622e-01   6.5939513706634045e-01   3.7543927264941673e-01
   5.8642635020525913e-01   5.2780698806359516e-01   3.7858670367058789e-01   5.8989720382724831e-01   5.0703553943216106e-01   6.2363313266217135e-01
   6.8355852678462070e-01   5.2976145496602889e-01   5.1558835390517166e-01   5.8874539521908442e-01   4.7558030691086295e-01   6.2485319487644853e-01
   7.1938916687173027e-01   8.9418684377596824e-01   5.7571431096711156e-01   4.0893999557987415e-01   4.6541447901860450e-01   8.9959271567407284e-01
   2.8838866661274759e-01   8.9924758082079281e-01   1.2223995519346187e-01   4.0687568566572174e-01   6.6135720778232088e-01   9.0415685707423255e-01
   2.3504560429482163e-01   1.0571072572060272e-01   1.0307195241078725e-01   8.9968486612824861e-01   7.0401987504351271e-01   4.0889810979548225e-01
   4.4959171922788682e-01   3.3497170974733143e-01   2.3629633148416182e-01   7.1535832373402530e-01   5.6418669545643829e-01   5.1425897898438688e-01
   8.3321632626856246e-01   2.9919486049163457e-01   7.6319008913855635e-01   7.4141492288172928e-01   4.3717030761251668e-01   4.9618564425648404e-01
   7.9857076672406135e-01   8.1604656915429208e-01   7.3081814594164407e-01   4.4217631702328863e-01   4.4518209066159409e-01   8.3197454727559905e-01
   5.7592414532990088e-01   2.9828557536013517e-01   3.6576879008865093e-01   7.4208938704102279e-01   5.1083030983488587e-01   4.9573467508854957e-01
   3.2117599997644330e-01   9.1979323824648485e-01   1.4176751457161771e-01   3.9860144809927384e-01   6.3811502767860762e-01   9.2292550096260551e-01
   3.8757804339559704e-01   1.7116654317774946e-01   1.8673321318012062e-01   8.4268121897636439e-01   5.9686157065309597e-01   4.3655825345000437e-01
   4.9412771972325159e-01   5.2545377236459645e-01   2.7715168581955413e-01   5.9128699378451854e-01   5.4358628318883229e-01   6.2216731475326159e-01
   3.1772734152926774e-01   3.6646230377360334e-01   1.3963543728869426e-01   6.9318226634569946e-01   6.4046298556832715e-01   5.3071098184727050e-01
   8.3590417465708866e-01   1.1450406994291164e-01   7.6585220223786798e-01   8.9180830880183415e-01   4.3656795251382929e-01   4.1250954665997358e-01
   3.6272339974867723e-01   4.1745781357421352e-01   1.6899561932856336e-01   6.5871928027391580e-01   6.1146736279783565e-01   5.5847680823683599e-01
   4.0576822941563451e-01   9.5972350267569662e-01   2.0045572998650224e-01   3.8299876947115608e-01   5.8674675510378316e-01   9.6052382016634030e-01
   4.1885145746622587e-01   3.3495621572125833e-01   2.1073268368410761e-01   7.1536940760041146e-01   5.7975336227022134e-01   5.1425101110408555e-01
   7.5907725348835653e-01   4.9722340232950307e-01   6.4936101460988405e-01   6.0821709151732539e-01   4.5491604092106763e-01   6.0484890395580582e-01
   5.6181217183089172e-01   8.1526307107369933e-01   3.4909293839996475e-01   4.4252289707363246e-01   5.1606620262528269e-01   8.3132295210982032e-01
   1.1953682713849868e-01   6.9350860181710738e-01   7.9748095650142029e-02   4.9981932202381635e-01   8.2275708254779512e-01   7.3602484930327061e-01
   2.4346790698539783e-01   4.6458757543644924e-01   1.0499273683983822e-01   6.2839421696460707e-01   6.9684659087484879e-01   5.8542779554599611e-01
   1.9374730258299444e-01   6.5267990069728499e-01   9.4107889416311541e-02   5.2064861887823510e-01   7.4185111816832583e-01   7.0657911657205186e-01
   9.2954997998850286e-01   3.5490315925270954e-01   8.8865263867883248e-01   7.0124134865674703e-01   4.1712406004208596e-01   5.2461173585403742e-01
   7.8824632902803693e-01   6.9558103622093370e-01   7.0868584887094865e-01   4.9878455188213799e-01   4.4766238478112880e-01   7.3755179422311312e-01
   8.4708187087614251e-01   5.0292412212868665e-01   7.7741022639503310e-01   6.0475968053044371e-01   4.3409140938942986e-01   6.0830682503299460e-01
   2.2724386920554074e-01   7.5194854639415143e-01   1.0132133097624293e-01   4.7144702076425471e-01   7.1082186638413225e-01   7.8031979197806622e-01
   1.0671439197532324e-01   2.7927640211434746e-01   7.7475778546741078e-02   7.5633082288266462e-01   8.3870134239306782e-01   4.8640017045624795e-01
   7.5932046801097752e-01   7.1666507125551193e-01   6.4983679649718584e-01   4.8837824982967304e-01   4.5485400035793766e-01   7.5326745468239842e-01
   3.0530356299543154e-01   1.7513136276308819e-01   1.3210916285321403e-01   8.3934675461805708e-01   6.4910624525450311e-01   4.3829256400573691e-01
