48.9891135303  11.2820512821
97.9782270607  8.97435897436
146.967340591  8.67521367521
199.222395023  7.99145299145
248.211508554  7.52136752137
297.200622084  7.00854700855
349.455676516  6.62393162393
401.710730949  6.28205128205
450.699844479  6.15384615385
499.688958009  5.68376068376
548.67807154  5.47008547009
597.66718507  5.12820512821
649.922239502  5.04273504274
698.911353033  4.78632478632
751.166407465  4.65811965812
800.155520995  4.2735042735
849.144634526  4.18803418803
898.133748056  3.93162393162
950.388802488  3.76068376068
999.377916019  3.50427350427
1048.36702955  3.4188034188
1097.35614308  3.11965811966
1149.61119751  3.03418803419
1201.86625194  2.94871794872
1250.85536547  2.90598290598
1303.11041991  2.82051282051
1348.83359253  2.73504273504
1401.08864697  2.69230769231
1450.0777605  2.5641025641
1499.06687403  2.60683760684
1554.58786936  2.47863247863
1603.57698289  2.5641025641
1652.56609642  2.52136752137
1701.55520995  2.64957264957
1750.54432348  2.5641025641
1799.53343701  2.4358974359
1851.78849145  2.4358974359
1900.77760498  2.17948717949
1953.03265941  1.75213675214
2002.02177294  1.83760683761
2051.01088647  1.45299145299
