48.9891135303  18.5042735043
97.9782270607  16.7094017094
146.967340591  13.4188034188
199.222395023  10.8547008547
248.211508554  8.67521367521
349.455676516  5.94017094017
398.444790047  4.78632478632
447.433903577  4.05982905983
499.688958009  3.33333333333
551.944012442  2.90598290598
600.933125972  2.60683760684
649.922239502  2.35042735043
702.177293935  2.09401709402
747.900466563  2.00854700855
800.155520995  1.79487179487
849.144634526  1.66666666667
898.133748056  1.5811965812
950.388802488  1.49572649573
999.377916019  1.41025641026
1051.63297045  1.32478632479
1100.62208398  1.28205128205
1149.61119751  1.23931623932
1201.86625194  1.15384615385
1250.85536547  1.15384615385
1299.844479  1.11111111111
1348.83359253  1.11111111111
1401.08864697  1.06837606838
1450.0777605  1.06837606838
1499.06687403  1.02564102564
1551.32192846  1.02564102564
1600.31104199  1.02564102564
1649.30015552  0.982905982906
1698.28926905  1.02564102564
1750.54432348  1.02564102564
1799.53343701  0.982905982906
1851.78849145  1.02564102564
1900.77760498  1.11111111111
1953.03265941  1.06837606838
2002.02177294  1.11111111111
2051.01088647  1.02564102564
